 0.000000    0.00000    0.000            NaN
 0.000000    0.00000    0.000       0.000000
 0.000125    0.00406   -4.033      -0.118198
 0.000451    0.00617   -2.786      -0.053846
 0.000012    0.00003   -2.067      -0.000236
 0.000000    0.00000    0.000       0.000000
 0.000050    0.00199   -4.578      -0.032682
 0.000463    0.00835   -3.074      -0.013539
 0.000439    0.00879   -3.191      -0.034606
 0.000354    0.00260   -2.364      -0.002480
 0.000057    0.00014   -2.062      -0.000173
 0.000000    0.00000    0.000       0.000000
 0.000000    0.00000    0.000       0.000000
 0.000071    0.00151   -3.262      -0.000001
 0.000127    0.00172   -2.753      -0.006438
 0.000435    0.00536   -2.677      -0.008714
 0.000468    0.00479   -2.546      -0.006435
 0.000401    0.00336   -2.428      -0.003119
 0.000279    0.00113   -2.162      -0.001005
 0.000137    0.00033   -2.064      -0.000225
 0.000035    0.00006   -2.024      -0.000025
 0.000052    0.00102   -3.141      -0.000002
 0.000201    0.00132   -2.318      -0.002580
 0.000394    0.00370   -2.491      -0.005736
 0.000411    0.00400   -2.513      -0.003917
 0.000400    0.00300   -2.375      -0.002111
 0.000250    0.00111   -2.187      -0.000787
 0.000177    0.00063   -2.132      -0.000352
 0.000201    0.00116   -2.272      -0.003533
 0.000310    0.00183   -2.279      -0.001488
 0.000377    0.00261   -2.338      -0.003038
 0.000370    0.00328   -2.457      -0.003595
 0.000419    0.00389   -2.484      -0.003193
 0.000438    0.00400   -2.476      -0.003290
 0.000411    0.00367   -2.463      -0.002712
 0.000414    0.00350   -2.433      -0.002829
 0.000437    0.00386   -2.457      -0.003501
 0.000431    0.00424   -2.518      -0.003002
 0.000400    0.00341   -2.440      -0.001508
 0.000303    0.00270   -2.472      -0.001025
 0.000421    0.00302   -2.354      -0.003598
 0.000448    0.00465   -2.553      -0.002942
 0.000421    0.00420   -2.528      -0.002918
 0.000464    0.00496   -2.572      -0.003934
 0.000493    0.00616   -2.686      -0.004272
 0.000523    0.00718   -2.766      -0.005254
 0.000512    0.00728   -2.798      -0.003990
 0.000489    0.00595   -2.668      -0.003352
 0.000484    0.00570   -2.643      -0.003103
 0.000473    0.00593   -2.709      -0.002099
 0.000427    0.00416   -2.526      -0.001646
 0.000390    0.00336   -2.451      -0.001380
 0.000385    0.00327   -2.447      -0.001254
 0.000375    0.00256   -2.331      -0.001632
 0.000399    0.00336   -2.431      -0.001830
 0.000395    0.00333   -2.431      -0.001711
 0.000431    0.00375   -2.447      -0.001869
 0.000410    0.00381   -2.485      -0.002309
 0.000445    0.00442   -2.525      -0.002123
 0.000451    0.00436   -2.509      -0.001815
 0.000440    0.00408   -2.486      -0.001800
 0.000423    0.00409   -2.508      -0.002375
 0.000460    0.00488   -2.567      -0.002439
 0.000477    0.00539   -2.611      -0.002649
 0.000482    0.00568   -2.642      -0.002434
 0.000473    0.00530   -2.606      -0.002037
 0.000463    0.00480   -2.553      -0.001959
 0.000468    0.00486   -2.554      -0.002151
 0.000469    0.00510   -2.584      -0.002141
 0.000467    0.00507   -2.583      -0.001967
 0.000460    0.00491   -2.571      -0.002056
 0.000459    0.00496   -2.581      -0.002156
 0.000468    0.00519   -2.599      -0.002011
 0.000462    0.00497   -2.577      -0.001680
 0.000455    0.00510   -2.624      -0.001371
 0.000440    0.00441   -2.550      -0.001200
 0.000394    0.00448   -2.653      -0.001002
 0.000422    0.00481   -2.660      -0.000820
 0.000364    0.00675   -3.220      -0.000639
 0.000361    0.00343   -2.552      -0.000520
 0.000337    0.00236   -2.382      -0.000445
 0.000310    0.00338   -2.671      -0.000438
 0.000271    0.00119   -2.183      -0.000386
 0.000275    0.00129   -2.200      -0.000436
 0.000330    0.00155   -2.201      -0.004977
 0.000303    0.00158   -2.234      -0.000679
 0.000294    0.00183   -2.295      -0.000788
 0.000348    0.00253   -2.359      -0.001144
 0.000377    0.00289   -2.383      -0.001176
 0.000408    0.00357   -2.451      -0.001186
 0.000397    0.00349   -2.454      -0.001073
 0.000436    0.00376   -2.444      -0.001111
 0.000416    0.00371   -2.461      -0.001114
 0.000405    0.00348   -2.441      -0.000993
 0.000432    0.00370   -2.441      -0.000966
 0.000381    0.00323   -2.435      -0.000836
 0.000410    0.00332   -2.414      -0.000734
 0.000349    0.00268   -2.387      -0.000650
 0.000395    0.00279   -2.349      -0.000695
 0.000342    0.00240   -2.343      -0.000741
 0.000401    0.00295   -2.365      -0.000803
 0.000358    0.00269   -2.374      -0.000773
 0.000404    0.00310   -2.384      -0.000762
 0.000359    0.00270   -2.374      -0.000775
 0.000409    0.00316   -2.388      -0.000797
 0.000362    0.00275   -2.379      -0.000735
 0.000409    0.00316   -2.389      -0.000711
 0.000355    0.00262   -2.366      -0.000681
 0.000403    0.00310   -2.388      -0.000659
 0.000349    0.00254   -2.360      -0.000586
 0.000382    0.00321   -2.439      -0.000555
 0.000347    0.00240   -2.344      -0.000496
 0.000322    0.00223   -2.342      -0.000486
 0.000375    0.00246   -2.318      -0.000496
 0.000321    0.00196   -2.288      -0.000495
 0.000322    0.00213   -2.319      -0.000501
 0.000372    0.00231   -2.294      -0.000521
 0.000316    0.00204   -2.307      -0.000492
 0.000358    0.00243   -2.330      -0.000499
 0.000343    0.00212   -2.292      -0.000505
 0.000319    0.00214   -2.325      -0.000545
 0.000380    0.00257   -2.329      -0.000563
 0.000334    0.00218   -2.313      -0.000534
 0.000359    0.00257   -2.353      -0.000567
 0.000365    0.00242   -2.319      -0.000556
 0.000335    0.00239   -2.350      -0.000558
 0.000393    0.00275   -2.343      -0.000578
 0.000339    0.00238   -2.344      -0.000588
 0.000394    0.00289   -2.364      -0.000598
 0.000352    0.00247   -2.344      -0.000593
 0.000388    0.00294   -2.378      -0.000595
 0.000365    0.00259   -2.349      -0.000560
 0.000380    0.00292   -2.385      -0.000549
 0.000371    0.00260   -2.343      -0.000509
 0.000358    0.00277   -2.390      -0.000503
 0.000382    0.00270   -2.348      -0.000479
 0.000336    0.00236   -2.345      -0.000463
 0.000390    0.00285   -2.366      -0.000462
 0.000332    0.00219   -2.318      -0.000433
 0.000366    0.00271   -2.371      -0.000442
 0.000350    0.00222   -2.303      -0.000421
 0.000322    0.00215   -2.322      -0.000417
 0.000379    0.00259   -2.335      -0.000450
 0.000330    0.00209   -2.302      -0.000461
 0.000348    0.00244   -2.343      -0.000475
 0.000369    0.00240   -2.312      -0.000452
 0.000328    0.00227   -2.337      -0.000441
 0.000386    0.00268   -2.340      -0.000443
 0.000334    0.00221   -2.318      -0.000422
 0.000364    0.00265   -2.360      -0.000425
 0.000355    0.00228   -2.307      -0.000397
 0.000326    0.00225   -2.336      -0.000411
 0.000381    0.00264   -2.341      -0.000411
 0.000328    0.00209   -2.304      -0.000379
 0.000352    0.00254   -2.359      -0.000383
 0.000354    0.00225   -2.305      -0.000377
 0.000317    0.00205   -2.310      -0.000408
 0.000372    0.00256   -2.338      -0.000402
 0.000334    0.00205   -2.289      -0.000375
 0.000323    0.00218   -2.327      -0.000368
 0.000376    0.00246   -2.315      -0.000365
 0.000319    0.00202   -2.300      -0.000343
 0.000351    0.00263   -2.378      -0.000351
 0.000346    0.00212   -2.292      -0.000333
 0.000311    0.00194   -2.297      -0.000334
 0.000362    0.00248   -2.336      -0.000371
 0.000332    0.00196   -2.274      -0.000363
 0.000312    0.00202   -2.310      -0.000356
 0.000371    0.00244   -2.318      -0.000352
 0.000325    0.00199   -2.288      -0.000343
 0.000321    0.00218   -2.329      -0.000346
 0.000372    0.00240   -2.311      -0.000343
 0.000317    0.00198   -2.297      -0.000324
 0.000348    0.00244   -2.344      -0.000322
 0.000346    0.00219   -2.305      -0.000296
 0.000312    0.00286   -2.516      -0.000279
 0.000356    0.00339   -2.550      -0.000269
 0.000327    0.00220   -2.350      -0.000241
 0.000294    0.00178   -2.296      -0.000233
 0.000298    0.00177   -2.285      -0.000232
 0.000342    0.00181   -2.241      -0.000240
 0.000288    0.00150   -2.232      -0.000236
 0.000276    0.00156   -2.259      -0.000243
 0.000322    0.00188   -2.271      -0.000261
 0.000315    0.00168   -2.241      -0.000262
 0.000284    0.00158   -2.254      -0.000271
 0.000291    0.00180   -2.292      -0.000284
 0.000350    0.00206   -2.275      -0.000302
 0.000302    0.00169   -2.257      -0.000294
 0.000297    0.00186   -2.297      -0.000290
 0.000357    0.00224   -2.299      -0.000293
 0.000315    0.00181   -2.266      -0.000290
 0.000305    0.00195   -2.306      -0.000312
 0.000364    0.00237   -2.313      -0.000320
 0.000319    0.00188   -2.274      -0.000303
 0.000312    0.00204   -2.314      -0.000299
 0.000370    0.00238   -2.308      -0.000300
 0.000318    0.00195   -2.289      -0.000285
 0.000325    0.00220   -2.328      -0.000283
 0.000365    0.00229   -2.300      -0.000283
 0.000312    0.00194   -2.295      -0.000272
 0.000350    0.00244   -2.342      -0.000288
 0.000340    0.00203   -2.279      -0.000273
 0.000308    0.00193   -2.298      -0.000267
 0.000360    0.00244   -2.332      -0.000271
 0.000328    0.00191   -2.271      -0.000254
 0.000305    0.00192   -2.300      -0.000249
 0.000361    0.00248   -2.337      -0.000256
 0.000319    0.00182   -2.263      -0.000241
 0.000301    0.00186   -2.292      -0.000240
 0.000357    0.00238   -2.326      -0.000246
 0.000315    0.00177   -2.257      -0.000231
 0.000296    0.00180   -2.285      -0.000228
 0.000351    0.00233   -2.323      -0.000234
 0.000315    0.00174   -2.252      -0.000222
 0.000292    0.00172   -2.274      -0.000222
 0.000337    0.00223   -2.321      -0.000228
 0.000322    0.00177   -2.251      -0.000214
 0.000291    0.00166   -2.262      -0.000211
 0.000308    0.00198   -2.309      -0.000218
 0.000341    0.00198   -2.271      -0.000207
 0.000293    0.00160   -2.248      -0.000199
 0.000288    0.00175   -2.287      -0.000197
 0.000344    0.00219   -2.309      -0.000204
 0.000298    0.00155   -2.232      -0.000190
 0.000280    0.00157   -2.256      -0.000187
 0.000317    0.00213   -2.331      -0.000195
 0.000318    0.00174   -2.253      -0.000184
 0.000282    0.00147   -2.232      -0.000182
 0.000277    0.00157   -2.262      -0.000180
 0.000333    0.00212   -2.311      -0.000185
 0.000296    0.00157   -2.242      -0.000169
 0.000277    0.00215   -2.428      -0.000165
 0.000284    0.00306   -2.661      -0.000160
 0.000344    0.00358   -2.640      -0.000158
 0.000298    0.00394   -2.902      -0.000144
 0.000279    0.00271   -2.604      -0.000129
 0.000268    0.00220   -2.475      -0.000120
 0.000314    0.00189   -2.314      -0.000264
 0.000267    0.00116   -2.189      -0.000108
 0.000238    0.00092   -2.151      -0.000107
 0.000225    0.00092   -2.165      -0.000110
 0.000223    0.00097   -2.179      -0.000112
 0.000228    0.00104   -2.193      -0.000113
 0.000275    0.00124   -2.190      -0.000661
 0.000264    0.00111   -2.171      -0.000108
 0.000231    0.00098   -2.173      -0.000106
 0.000219    0.00096   -2.183      -0.000105
 0.000218    0.00101   -2.196      -0.000104
 0.000224    0.00108   -2.210      -0.000104
 0.000288    0.00130   -2.192      -0.000305
 0.000244    0.00154   -2.338      -0.000102
 0.000236    0.00381   -3.122      -0.000112
 0.000231    0.00313   -2.926      -0.000104
 0.000228    0.00125   -2.277      -0.000089
 0.000274    0.00107   -2.156      -0.001834
 0.000224    0.00081   -2.135      -0.000477
 0.000215    0.00080   -2.142      -0.002934
 0.000206    0.00078   -2.146      -0.000078
 0.000199    0.00081   -2.164      -0.000076
 0.000202    0.00131   -2.334      -0.000076
 0.000205    0.00202   -2.567      -0.000075
 0.000250    0.00269   -2.632      -0.000077
 0.000245    0.00266   -2.640      -0.000067
 0.000212    0.00257   -2.725      -0.000063
 0.000194    0.00263   -2.822      -0.000060
 0.000195    0.00517   -3.694      -0.000068
 0.000153    0.00349   -3.441      -0.000056
 0.000120    0.00103   -2.479      -0.000041
 0.000108    0.00024   -2.051      -0.000037
 0.000021    0.00007   -2.121      -0.000068
 0.000627    0.00082   -1.997      -0.000042
 0.000216   -0.00023   -1.856      -0.000047
 0.000119   -0.00018   -1.828      -0.000040
 0.000013   -0.00002   -1.835      -0.000034
 0.000002   -0.00000   -1.854      -0.000030
 0.000476   -0.00091   -1.806      -0.000035
 0.000159   -0.00053   -1.722      -0.000044
 0.000009    0.00020   -3.363      -0.000032
 0.000031    0.00120   -4.450      -0.000029
 0.000041    0.00145   -4.184      -0.000022
 0.000001    0.00003   -3.159      -0.000017
 0.000000    0.00000    0.000      -0.000016
 0.000092   -0.00031   -1.721      -0.000026
 0.000082   -0.00028   -1.714      -0.000018
 0.000094   -0.00033   -1.709      -0.000018
 0.000050   -0.00018   -1.708      -0.000019
 0.000001   -0.00000   -1.710      -0.000020
 0.000003    0.00007   -3.499      -0.000019
 0.000002    0.00005   -3.205      -0.000012
 0.000035   -0.00009   -1.772      -0.000018
 0.000156   -0.00045   -1.746      -0.000011
 0.000095   -0.00033   -1.710      -0.000016
 0.000000    0.00000    0.000      -0.000014
 0.000064   -0.00024   -1.699      -0.000012
 0.000047   -0.00018   -1.694      -0.000013
 0.000001   -0.00000   -1.709      -0.000012
 0.000055   -0.00019   -1.714      -0.000550
 0.000180   -0.00063   -1.711      -0.000683
 0.000235   -0.00089   -1.695      -0.000016
 0.000200   -0.00080   -1.680      -0.000018
 0.000136   -0.00057   -1.671      -0.000019
 0.000119   -0.00051   -1.667      -0.000017
 0.000080   -0.00035   -1.661      -0.000017
 0.000161   -0.00069   -1.666      -0.000014
 0.000160   -0.00074   -1.646      -0.000015
 0.000206   -0.00105   -1.619      -0.000012
 0.000304   -0.00176   -1.577      -0.000011
 0.000206   -0.00136   -1.532      -0.000011
 0.000199   -0.00151   -1.474      -0.000009
 0.000228   -0.00191   -1.428      -0.000008
 0.000223   -0.00195   -1.406      -0.000008
 0.000183   -0.00141   -1.469      -0.000008
 0.000120   -0.00064   -1.608      -0.000007
 0.000120   -0.00048   -1.688      -0.000006
 0.000130   -0.00045   -1.720      -0.000004
 0.000103   -0.00024   -1.784      -0.000004
 0.000084   -0.00014   -1.821      -0.000003
 0.000065   -0.00010   -1.831      -0.000003
 0.000055   -0.00018   -1.727      -0.000005
 0.000058   -0.00019   -1.723      -0.000001
 0.000051   -0.00026   -1.621      -0.000001
 0.000028   -0.00013   -1.638      -0.000002
 0.000044   -0.00036   -1.432      -0.000002
 0.000039   -0.00039   -1.340      -0.000001
 0.000042   -0.00049   -1.240      -0.000001
 0.000001   -0.00001   -1.536      -0.000005
 0.000005   -0.00004   -1.362      -0.000006
 0.000055   -0.00081   -1.067      -0.000004
 0.000001   -0.00002   -1.149      -0.000000
 0.000050   -0.00082   -0.975      -0.000003
 0.000053   -0.00089   -0.952      -0.000002
 0.000017   -0.00029   -0.958      -0.000001
 0.000049   -0.00080   -0.970      -0.000002
 0.000024   -0.00038   -0.984      -0.000006
 0.000000    0.00000    0.000      -0.000003
 0.000037   -0.00056   -1.022      -0.000003
 0.000083   -0.00126   -1.038      -0.000004
 0.000088   -0.00130   -1.062      -0.000005
 0.000033   -0.00048   -1.079      -0.000005
 0.000023   -0.00033   -1.087      -0.000005
 0.000013   -0.00019   -1.090      -0.000004
 0.000056   -0.00078   -1.101      -0.000004
 0.000117   -0.00159   -1.126      -0.000267
 0.000192   -0.00254   -1.145      -0.000005
 0.000063   -0.00084   -1.144      -0.000005
 0.000078   -0.00107   -1.126      -0.000240
 0.000134   -0.00186   -1.106      -0.000002
 0.000142   -0.00205   -1.076      -0.000002
 0.000112   -0.00168   -1.043      -0.000002
 0.000035   -0.00054   -1.013      -0.000001
 0.000000    0.00000    0.000       0.000000
 0.000041   -0.00066   -0.976      -0.000003
 0.000079   -0.00134   -0.940      -0.000003
 0.000013   -0.00023   -0.923      -0.000000
 0.000068   -0.00121   -0.894      -0.000003
 0.000042   -0.00076   -0.865      -0.000002
 0.000034   -0.00062   -0.851      -0.000000
 0.000000    0.00000    0.000       0.000000
 0.000000    0.00000    0.000      -0.000000
 0.000000    0.00000    0.000       0.000000
 0.000000    0.00000    0.000       0.000000
 0.000000    0.00000    0.000       0.000000
 0.000000    0.00000    0.000      -0.000000
 0.000000    0.00000    0.000      -0.000000
 0.000000    0.00000    0.000       0.000000
 0.000015   -0.00030   -0.742      -0.000002
 0.000000    0.00000    0.000       0.000000
 0.000000    0.00000    0.000       0.000000
 0.000000    0.00000    0.000       0.000000
 0.000000    0.00000    0.000       0.000000
 0.000000    0.00000    0.000      -0.000000
 0.000000    0.00000    0.000      -0.000000
 0.000000    0.00000    0.000      -0.000000
 0.000000    0.00000    0.000       0.000000
 0.000000    0.00000    0.000      -0.000000
 0.000000    0.00000    0.000       0.000000
 0.000000    0.00000    0.000      -0.000041
 0.000000    0.00000    0.000      -0.000048
 0.000000    0.00000    0.000      -0.000040
 0.000000    0.00000    0.000      -0.000025
 0.000000    0.00000    0.000      -0.000030
 0.000000    0.00000    0.000      -0.000043
 0.000000    0.00000    0.000      -0.000056
 0.000000    0.00000    0.000      -0.000064
 0.000000    0.00000    0.000      -0.000073
 0.000000    0.00000    0.000      -0.000089
 0.000000    0.00000    0.000      -0.000104
 0.000000    0.00000    0.000      -0.000113
 0.000017    0.00008   -2.195      -0.000162
 0.000226    0.00124   -2.250      -0.000113
 0.000389    0.00208   -2.241      -0.000129
 0.000357    0.00205   -2.265      -0.000149
 0.000381    0.00252   -2.317      -0.000178
 0.000385    0.00266   -2.336      -0.000188
 0.000355    0.00279   -2.395      -0.000194
 0.000396    0.00293   -2.367      -0.000184
 0.000353    0.00269   -2.379      -0.000168
 0.000392    0.00270   -2.337      -0.000160
