   0.00000000
   0.00000000
  -1.71770577
  -4.26598686
  -0.08946059
   0.00000000
  -0.80063207
  -6.20150634
  -5.17097528
  -3.47422695
  -1.60199532
  -0.62713103
  -0.15085643
  -1.21048249
  -3.10678477
  -4.22210501
  -4.07862089
  -3.92379745
  -2.59967786
  -2.03349722
  -1.02648850
  -1.25054413
  -1.43970922
  -2.89126347
  -3.55915922
  -2.77898550
  -2.40328680
  -1.48933981
  -1.31986449
  -1.76627941
  -2.70551699
  -3.33174165
  -3.41215129
  -3.36774414
  -3.61449573
  -3.29521415
  -3.46720634
  -3.82879331
  -3.19612560
  -2.97672386
  -2.91877286
  -3.93504440
  -3.81522024
  -4.04480677
  -4.49340615
  -4.75997267
  -4.91733369
  -4.48454841
  -4.42880810
  -4.21054055
  -3.75474500
  -3.37178237
  -3.19541508
  -2.88434867
  -3.45907374
  -3.41808780
  -3.34495427
  -3.77210034
  -3.91371670
  -3.71820197
  -3.57558003
  -3.91269545
  -4.09643421
  -4.25662734
  -4.37029116
  -4.26583873
  -4.02093117
  -3.97694126
  -4.07542992
  -4.11090070
  -4.09238966
  -4.17399822
  -4.23140860
  -4.14977643
  -4.18862766
  -3.63731947
  -3.82094778
  -3.76778805
  -4.17665865
  -2.82982274
  -2.96632097
  -2.91427276
  -2.04797601
  -2.03874919
  -2.29437649
  -2.58806467
  -2.42902555
  -2.75430465
  -3.25642941
  -3.53795566
  -3.43419313
  -3.65966931
  -3.68220673
  -3.38880927
  -3.58259543
  -3.54485138
  -3.08001004
  -3.29846149
  -2.80897710
  -3.08799680
  -3.04045472
  -3.23288878
  -3.08047476
  -3.33945699
  -3.03776140
  -3.41681033
  -2.98950383
  -3.37731496
  -2.90837447
  -3.33034784
  -2.81626447
  -3.20116457
  -2.66636807
  -2.62731714
  -2.95109776
  -2.52503459
  -2.91362622
  -2.71882115
  -2.61852854
  -3.02031478
  -2.59940407
  -3.05341916
  -2.78802655
  -2.91426712
  -3.02445573
  -2.81707303
  -3.19700538
  -2.83302202
  -3.27318840
  -2.88177549
  -3.32650636
  -2.92846976
  -3.32774142
  -2.90558846
  -3.29225434
  -2.80361329
  -3.24909203
  -2.72118425
  -3.16762050
  -2.73245277
  -2.84774595
  -2.93781399
  -2.61718058
  -3.09330317
  -2.68568161
  -3.04088121
  -2.85275350
  -2.86544305
  -3.04766752
  -2.73204714
  -3.14249567
  -2.65899879
  -3.11561595
  -2.70879982
  -2.84852397
  -2.92509963
  -2.59798790
  -3.07364916
  -2.64819054
  -2.87376225
  -2.85491473
  -2.61263345
  -3.07095520
  -2.56711321
  -2.87490301
  -2.76182703
  -2.54058637
  -3.01413609
  -2.62245378
  -2.75684549
  -2.91705055
  -2.57899576
  -3.04946184
  -2.61194819
  -2.80042634
  -3.06030576
  -2.75973597
  -3.02161027
  -2.57096241
  -2.26308695
  -2.36492849
  -2.63006560
  -2.24680087
  -2.24201276
  -2.70879760
  -2.35995598
  -2.30588940
  -2.78938194
  -2.49342639
  -2.42228568
  -2.90552673
  -2.53254907
  -2.56802938
  -2.95780307
  -2.52596011
  -2.90506348
  -2.73462429
  -2.59738559
  -3.03800014
  -2.57957135
  -2.93174906
  -2.72307363
  -2.56252676
  -3.01853016
  -2.55594514
  -2.77875262
  -2.79726026
  -2.47827705
  -2.95510869
  -2.55729685
  -2.46597649
  -2.93050906
  -2.46452490
  -2.48962410
  -2.87031402
  -2.40653355
  -2.51052041
  -2.80258174
  -2.37395741
  -2.54265825
  -2.73445527
  -2.34392413
  -2.49903536
  -2.72067014
  -2.30970617
  -2.38093201
  -2.74968333
  -2.29527214
  -2.28369178
  -2.74741171
  -2.31745784
  -2.22253528
  -2.72723145
  -2.49772399
  -2.61485683
  -3.02359853
  -3.05787388
  -2.52369048
  -2.18969540
  -2.01903485
  -2.28673145
  -2.01419279
  -1.83534365
  -1.81166386
  -1.87988858
  -2.32071678
  -1.99638319
  -1.83407781
  -1.82401693
  -2.03078948
  -2.22400110
  -1.90878895
  -1.97329859
  -2.13350940
  -2.64356241
  -2.30778590
  -2.03461054
  -1.93419111
  -1.93878803
  -2.32196813
  -2.40966116
  -2.10451145
  -1.99393003
  -1.93191486
  -1.87521382
  -2.10695436
  -3.15460969
  -2.20927998
  -1.62122202
  -1.29228033
  -1.23417623
  -0.61993360
   0.00000000
  -2.12326155
  -2.84117748
  -2.34265844
  -1.26192447
  -0.66901283
  -0.44602680
  -0.17530656
  -0.08540091
  -0.08494581
  -0.10684789
  -0.14131650
  -1.58005447
  -1.88533394
  -1.18383565
  -0.15024663
  -0.02849923
  -0.00411556
  -1.05542534
  -2.12389229
  -0.93281535
  -0.69279004
  -0.03441946
  -1.95752473
  -1.77862521
  -1.09966278
  -1.63536401
  -1.29769867
  -1.08435768
  -1.01124016
  -0.68801171
  -0.57810959
  -0.30661235
  -0.34757024
  -0.29382982
  -0.71627727
  -0.04259352
  -0.01075030
  -0.00100940
   0.00000000
   0.00000000
   0.00000000
  -0.11918526
  -0.33677849
  -0.30241045
  -0.28050039
  -0.22306897
  -0.19763407
  -0.27231495
  -0.27849081
  -0.49988815
  -0.69444560
  -0.49425398
  -0.41319400
   0.00000000
  -0.18979343
  -0.65170618
  -0.58558967
  -0.80909553
  -0.83527452
  -0.93044809
  -0.75945857
  -0.50082384
  -0.35277718
  -0.30443056
  -0.33342988
  -0.26475161
  -0.11204104
  -0.05184851
  -0.00700286
  -0.24885595
  -0.42673073
  -0.05217091
   0.00000000
  -0.02401298
  -0.19904729
  -0.32339154
  -0.35626101
  -0.13216492
  -0.00435228
  -0.07218216
  -0.41859858
  -0.04344506
  -0.23298926
  -0.17540325
  -0.11248072
   0.00000000
   0.00000000
   0.00000000
   0.00000000
   0.00000000
   0.00000000
   0.00000000
   0.00000000
   0.00000000
   0.00000000
   0.00000000
   0.00000000
   0.00000000
   0.00000000
   0.00000000
   0.00000000
   0.00000000
   0.00000000
   0.00000000
   0.00000000
   0.00000000
   0.00000000
   0.00000000
   0.00000000
   0.00000000
   0.00000000
   0.00000000
   0.00000000
   0.00000000
   0.00000000
   0.00000000
   0.00000000
   0.00000000
   0.00000000
   0.00000000
   0.00000000
   0.00000000
   0.00000000
  -0.03896186
  -1.86940657
  -2.88914721
