    0.000
    0.000
    0.003
    0.004
    0.003
    0.000
    0.002
    0.004
    0.007
    0.005
    0.005
    0.004
    0.004
    0.004
    0.006
    0.007
    0.009
    0.010
    0.009
    0.009
    0.009
    0.008
    0.009
    0.010
    0.011
    0.012
    0.011
    0.011
    0.011
    0.011
    0.012
    0.013
    0.014
    0.016
    0.017
    0.017
    0.019
    0.020
    0.019
    0.019
    0.021
    0.022
    0.024
    0.026
    0.028
    0.031
    0.033
    0.035
    0.036
    0.037
    0.037
    0.038
    0.039
    0.040
    0.041
    0.042
    0.043
    0.045
    0.046
    0.047
    0.049
    0.051
    0.051
    0.053
    0.055
    0.056
    0.057
    0.058
    0.060
    0.062
    0.062
    0.064
    0.065
    0.066
    0.066
    0.066
    0.067
    0.067
    0.068
    0.069
    0.068
    0.066
    0.066
    0.066
    0.067
    0.068
    0.067
    0.068
    0.070
    0.071
    0.072
    0.074
    0.074
    0.074
    0.074
    0.075
    0.075
    0.074
    0.073
    0.074
    0.075
    0.076
    0.077
    0.079
    0.078
    0.079
    0.080
    0.081
    0.082
    0.081
    0.081
    0.081
    0.080
    0.080
    0.080
    0.081
    0.082
    0.080
    0.080
    0.080
    0.081
    0.082
    0.083
    0.084
    0.085
    0.086
    0.086
    0.086
    0.087
    0.088
    0.088
    0.088
    0.089
    0.090
    0.091
    0.091
    0.091
    0.090
    0.091
    0.090
    0.090
    0.091
    0.092
    0.093
    0.092
    0.093
    0.093
    0.094
    0.095
    0.092
    0.091
    0.092
    0.093
    0.093
    0.093
    0.093
    0.094
    0.095
    0.096
    0.094
    0.093
    0.094
    0.095
    0.096
    0.096
    0.097
    0.098
    0.098
    0.098
    0.097
    0.097
    0.098
    0.098
    0.098
    0.098
    0.099
    0.098
    0.098
    0.099
    0.098
    0.098
    0.099
    0.098
    0.098
    0.099
    0.099
    0.100
    0.101
    0.102
    0.101
    0.101
    0.102
    0.103
    0.104
    0.104
    0.105
    0.104
    0.105
    0.106
    0.106
    0.107
    0.107
    0.107
    0.105
    0.103
    0.103
    0.104
    0.105
    0.105
    0.106
    0.105
    0.105
    0.106
    0.107
    0.107
    0.108
    0.109
    0.107
    0.106
    0.105
    0.105
    0.105
    0.103
    0.103
    0.104
    0.105
    0.104
    0.101
    0.099
    0.099
    0.100
    0.100
    0.101
    0.101
    0.102
    0.102
    0.101
    0.101
    0.102
    0.102
    0.102
    0.100
    0.098
    0.098
    0.094
    0.093
    0.093
    0.091
    0.088
    0.088
    0.089
    0.089
    0.089
    0.090
    0.089
    0.089
    0.089
    0.089
    0.090
    0.090
    0.090
    0.091
    0.089
    0.089
    0.089
    0.090
    0.090
    0.090
    0.090
    0.090
    0.091
    0.098
    0.116
    0.130
    0.141
    0.155
    0.166
    0.174
    0.176
    0.174
    0.173
    0.174
    0.174
    0.174
    0.184
    0.195
    0.203
    0.204
    0.204
    0.204
    0.215
    0.231
    0.249
    0.258
    0.258
    0.262
    0.260
    0.257
    0.255
    0.254
    0.251
    0.251
    0.251
    0.249
    0.248
    0.248
    0.248
    0.246
    0.246
    0.243
    0.241
    0.239
    0.237
    0.235
    0.233
    0.231
    0.229
    0.228
    0.227
    0.225
    0.224
    0.223
    0.221
    0.221
    0.219
    0.219
    0.217
    0.217
    0.215
    0.213
    0.211
    0.209
    0.207
    0.204
    0.203
    0.201
    0.199
    0.197
    0.195
    0.195
    0.194
    0.193
    0.192
    0.189
    0.186
    0.185
    0.183
    0.179
    0.177
    0.173
    0.173
    0.172
    0.171
    0.169
    0.167
    0.167
    0.167
    0.164
    0.164
    0.164
    0.164
    0.164
    0.164
    0.161
    0.149
    0.158
    0.159
    0.159
    0.159
    0.159
    0.159
    0.157
    0.157
    0.155
    0.155
    0.155
    0.155
    0.155
    0.154
    0.154
    0.154
    0.154
    0.154
    0.155
    0.156
    0.153
    0.152
    0.152
    0.146
    0.146
    0.146
    0.147
    0.148
    0.148
    0.145
    0.133
    0.133
    0.128
    0.128
