   0.00000000
   0.00000000
   0.76645943
   2.76363692
   0.08323908
   0.00000000
   0.11984227
   1.27550279
   2.25476938
   1.51471117
   0.47797631
   0.02270604
   0.00000000
   0.23033161
   1.34921149
   2.21592831
   2.16786366
   2.25511591
   1.40452277
   0.59460378
   0.07252765
   0.03733350
   1.07468168
   2.10979812
   2.05415609
   1.54560576
   1.00218637
   0.58050307
   1.27378485
   1.43472011
   1.65335756
   1.70256554
   1.76200422
   2.18068043
   1.92695405
   1.88823012
   2.24682583
   2.03562141
   2.02593094
   1.81180715
   1.83770663
   2.15103307
   2.34695183
   2.24780518
   2.61255671
   2.80857250
   2.84460215
   2.61949607
   2.57522376
   2.61625416
   2.05590553
   2.30016750
   1.93959347
   1.85684100
   2.26412283
   2.13102746
   2.05830430
   2.44206863
   2.26901548
   2.47753092
   2.20649139
   2.53894760
   2.55764699
   2.52889976
   2.72936608
   2.68576162
   2.37451469
   2.66390887
   2.60908369
   2.45320581
   2.68138432
   2.60145924
   2.52739360
   2.68283165
   2.35117811
   2.39815537
   2.09060335
   2.30641838
   1.91409450
   1.54515521
   1.47047415
   1.84785682
   1.53627846
   1.41389873
   1.38879040
   1.47274440
   1.59315682
   2.05075221
   1.95493348
   1.92759002
   2.32734778
   2.03260936
   2.41248234
   2.11669506
   2.29418748
   2.13809256
   1.91094404
   2.18975818
   1.87027623
   1.81475147
   2.19036006
   1.98302084
   1.85734717
   2.21919083
   1.95879472
   1.90166115
   2.23829515
   1.89886750
   1.86777553
   2.16794799
   1.80354825
   1.68985655
   1.96342124
   1.84431942
   1.65719587
   1.63175555
   1.94982298
   1.82948718
   1.65039351
   1.63209050
   1.98382221
   1.81150633
   1.68903001
   1.72151000
   2.08066679
   1.79387735
   1.72252908
   2.01669366
   1.95520812
   1.78879246
   1.89982296
   2.12862943
   1.82416833
   1.83623440
   2.13145010
   1.79502326
   1.73189790
   2.05678155
   1.83405424
   1.68598641
   1.70416288
   2.04024738
   1.74152460
   1.65738556
   1.73231477
   2.06028852
   1.74587701
   1.68010447
   1.96322849
   1.87457940
   1.69029227
   1.67959209
   2.01148333
   1.77516233
   1.64518340
   1.65133312
   1.99452605
   1.73476322
   1.62642847
   1.63748560
   1.98367239
   1.71746781
   1.59874207
   1.60054130
   1.92804830
   1.71689619
   1.59421848
   1.58106953
   1.84316019
   1.80848777
   1.62321584
   1.58364019
   1.76517215
   1.86225547
   1.62343797
   1.54778156
   1.52211546
   1.88214187
   1.57331866
   1.43303782
   1.39206762
   1.40485325
   1.69082326
   1.63975848
   1.44816117
   1.39306749
   1.41217722
   1.48882523
   1.84482700
   1.55512880
   1.48397206
   1.48886535
   1.68116969
   1.81243523
   1.58667313
   1.53793834
   1.57003378
   1.92178751
   1.68472695
   1.56867900
   1.55673030
   1.83975535
   1.74833016
   1.58397070
   1.53899800
   1.60013057
   1.91660478
   1.60490378
   1.51461022
   1.51450458
   1.79062608
   1.69252170
   1.52676665
   1.46881124
   1.48686593
   1.80317705
   1.62267805
   1.48546705
   1.43784812
   1.45600875
   1.76393997
   1.60704015
   1.46001768
   1.40392229
   1.41277558
   1.62612997
   1.65796352
   1.46028531
   1.37504198
   1.36049106
   1.38474323
   1.72188794
   1.53522510
   1.39079127
   1.44363764
   1.28615594
   1.41454271
   1.37321954
   1.20250757
   1.10023138
   1.02175158
   0.93130028
   0.88026773
   0.87996527
   0.88487458
   0.90368654
   0.93007080
   0.95924546
   0.98770494
   1.01310102
   1.27748461
   1.21812628
   0.97026661
   0.95706192
   0.93533009
   0.89626097
   0.88173881
   0.88301908
   0.89179548
   0.90134793
   0.90685498
   1.30615797
   1.07518697
   0.83422468
   0.80760375
   0.80719763
   0.76131412
   0.73827387
   0.71943982
   0.71489611
   0.42913177
   1.19406194
   3.79961295
   2.38262588
   1.35956387
   1.53708523
   1.13705346
   0.83056088
   0.51394003
   0.15841581
   0.00856526
   0.34167210
   0.70410438
   1.31192341
   0.96817916
   0.26329215
   1.27633849
   0.00249775
   0.00138087
   0.00570080
   0.48206432
   0.89532812
   0.89682577
   0.28399362
   0.48810429
   0.62933596
   0.46564919
   0.95891005
   1.42936541
   0.98543374
   0.48110185
   0.15660821
   0.32567724
   0.00092884
   0.32493433
   0.05665590
   0.53270749
   0.49439864
   0.00000000
   0.04742801
   0.34804046
   0.44244491
   0.46414520
   0.38611462
   0.56059304
   0.58974796
   0.52216437
   0.40695619
   0.29443312
   0.29085462
   0.28747935
   0.24587620
   0.60938276
   0.87902355
   0.63934532
   0.11761996
   0.09786193
   0.61062388
   0.75048837
   0.71798809
   1.03086408
   0.60914007
   0.36000808
   0.30244957
   0.02156125
   0.00000000
   0.00000000
   0.00000000
   0.00000000
   0.00000000
   0.00000000
   0.00000000
   0.00000000
   0.00000000
   0.00000000
   0.00000000
   0.00000000
   0.00000000
   0.00000000
   0.00000000
   0.00000000
   0.00000000
   0.00000000
   0.00000000
   0.00000000
   0.00000000
   0.00000000
   0.00000000
   0.00000000
   0.00000000
   0.00000000
   0.00000000
   0.00000000
   0.00000000
   0.00000000
   0.00000000
   0.00000000
   0.00000000
   0.00000000
   0.00000000
   0.00000000
   0.00000000
   0.00000000
   0.00000000
   0.00000000
   0.00000000
   0.00000000
   1.66810657
   2.70268089
   2.43288428
   1.98344840
   2.35952077
   2.49052584
   2.78989893
   2.82804389
   2.77530704
   2.37664133
   2.44501924
   2.13101258
   2.34269364
   1.93707872
   1.99805852
   2.42850957
   2.22008791
   2.53883170
   2.38691479
   2.34427528
   2.10058927
   2.27614010
