   0.00000000
   0.00000000
   0.76621008
   2.75736638
   0.07191590
   0.00000000
   0.51367767
   3.60476445
   3.13969076
   2.67306477
   0.99140944
   0.34261610
   0.11073076
   0.78306687
   2.64174277
   2.95272196
   2.93814684
   2.83186011
   2.01810565
   1.40188910
   1.13596139
   0.93860538
   1.25512218
   2.28442054
   2.61246661
   2.15105727
   1.97131078
   1.28009181
   1.07497487
   1.43619517
   2.16869092
   2.53606480
   2.60620678
   2.49867836
   2.64037898
   2.66092955
   2.45508661
   2.76135899
   2.66546042
   1.84607782
   2.47383087
   2.72910826
   2.74348570
   2.90655686
   3.04738596
   3.24526139
   3.16157912
   3.02504732
   3.00062259
   2.88682489
   2.72321490
   2.37390937
   2.47911373
   2.21331510
   2.63258910
   2.54004707
   2.50021620
   2.76881523
   2.82038645
   2.75878725
   2.54526614
   2.80709090
   2.89075190
   2.95416844
   2.98298862
   2.93996669
   2.87691917
   2.89482934
   2.91201813
   2.91141609
   2.89860246
   2.91662791
   2.94104648
   2.91242490
   2.71679225
   2.62229909
   2.74168049
   2.33246399
   2.62361214
   2.16286113
   1.93345612
   2.12401709
   1.94683589
   1.76374536
   1.71533890
   1.87714566
   2.29658586
   2.08956638
   2.57037279
   2.58464834
   2.60864791
   2.72739105
   2.72226784
   2.53466998
   2.62580044
   2.67112015
   2.29720524
   2.51082715
   2.13046177
   2.50675129
   2.23679008
   2.57765232
   2.30982571
   2.55533904
   2.46757441
   2.41669314
   2.57001700
   2.27512229
   2.55986051
   2.20487954
   2.48686208
   2.08725089
   2.34261493
   2.10983782
   2.03329713
   2.35466256
   2.01977262
   2.35526293
   2.10816207
   2.22801547
   2.27084951
   2.13000414
   2.44804067
   2.15460045
   2.48813114
   2.18101608
   2.51409722
   2.21504416
   2.53634930
   2.26396710
   2.54260264
   2.36695582
   2.44902852
   2.45924027
   2.29632258
   2.43886692
   2.24335279
   2.35465484
   2.25805763
   2.17137502
   2.37118963
   2.07533992
   2.41661760
   2.09084402
   2.42068085
   2.17501698
   2.40423323
   2.22540845
   2.37455230
   2.24600074
   2.29607791
   2.29160663
   2.14586498
   2.40791612
   2.08292701
   2.41811491
   2.07546528
   2.36204829
   2.16705991
   2.22199523
   2.30014038
   2.08873444
   2.38839631
   2.03504615
   2.35712746
   2.09721115
   2.14783320
   2.31427712
   2.05576921
   2.40557471
   2.07085449
   2.36879799
   2.13717800
   2.21528535
   2.25483499
   2.03227637
   2.36555211
   2.01993117
   1.94241803
   2.21912003
   1.87162193
   1.79778716
   2.16212195
   1.92110187
   1.82249376
   2.19116469
   1.98565820
   1.92035414
   2.29923430
   2.00929090
   2.13478616
   2.24810514
   2.01784565
   2.38044285
   2.06522067
   2.30346410
   2.19727408
   2.12782560
   2.37579523
   2.06578953
   2.40235883
   2.05627685
   2.33802024
   2.13584385
   2.09392194
   2.34052104
   2.00700551
   2.34599174
   2.04649060
   2.08918147
   2.26214382
   1.95708417
   2.27840592
   2.04633466
   1.96091241
   2.29183144
   1.95925326
   2.06813445
   2.18798857
   1.91015473
   2.19528744
   2.04646526
   1.88346409
   2.22436762
   1.97059211
   1.86232938
   2.21289367
   1.93265957
   1.84250181
   2.19420846
   1.92222633
   1.82169033
   2.17157364
   1.91890440
   1.81101722
   2.17666738
   2.04037345
   1.86139512
   1.76790741
   1.94700926
   1.71916341
   1.55774263
   1.53040522
   1.59681956
   1.96876215
   1.64977245
   1.54643728
   1.55794097
   1.91883005
   1.67736217
   1.55066050
   1.54381573
   1.85780689
   1.80974801
   1.66267585
   1.60343066
   1.74860950
   1.84436652
   1.61136702
   1.50038203
   1.45901672
   1.44366423
   1.79764520
   1.57881720
   1.41898684
   1.35359071
   1.26205914
   1.11900269
   1.09274817
   1.29806929
   1.25610272
   1.09392333
   0.52813644
   0.00000000
   0.00316511
   2.68390878
   2.75125664
   1.63689787
   0.33416045
   0.17999384
   0.15280883
   0.18037732
   0.23000739
   0.29542151
   0.37437236
   1.12963479
   2.11521462
   0.67405923
   0.42101142
   0.31626782
   0.29009666
   0.44998236
   2.96005509
   0.81441542
   1.79368219
   1.82895475
   1.09031979
   1.05882778
   1.91867761
   2.41712335
   1.10782237
   0.94120930
   0.58445907
   0.40182682
   0.29399272
   0.35153570
   0.38698456
   1.05259206
   0.71551562
   0.67506042
   0.40028614
   0.02695586
   0.12585326
   0.10243401
   0.19825366
   0.30548527
   0.26906115
   0.24893816
   0.16929869
   0.05251385
   0.05133917
   0.02837136
   0.65651750
   0.96167958
   0.69854055
   0.70701289
   0.18308769
   0.68663887
   0.85182520
   0.76919980
   1.08597801
   1.13854186
   1.29436921
   0.92403618
   0.58364193
   0.50384198
   0.48466447
   0.64930073
   0.54538446
   0.15122265
   0.01886616
   0.00000000
   0.19023195
   0.00000000
   0.02587999
   0.04865546
   0.19859757
   0.41329852
   0.35590104
   0.24824195
   0.20732896
   0.00845645
   0.49884795
   0.36545681
   0.17012227
   0.48136671
   0.42102797
   0.05262620
   0.00727881
   0.00000000
   0.00000000
   0.00000000
   0.00000000
   0.00000000
   0.00000000
   0.00000000
   0.00000000
   0.00000000
   0.00000000
   0.00000000
   0.00000000
   0.00000000
   0.00000000
   0.00000000
   0.00000000
   0.00000000
   0.00455083
   0.00010370
   0.00000000
   0.00000000
   0.00000000
   0.00000000
   0.00000000
   0.00000000
   0.00000000
   0.00000000
   0.00000000
   0.00000000
   0.00000000
   0.00000000
   0.00000000
   0.00000000
   0.00000000
   0.00000000
   0.00000000
   0.00000000
   0.00000000
   0.00000000
   0.00925906
