   0.00000000
   0.00000000
  -1.71794869
  -4.26893464
  -0.08255984
   0.00000000
  -1.21113896
  -6.42559837
  -5.32306370
  -3.61560506
  -1.17585148
  -0.38776601
  -0.15432925
  -1.25006388
  -3.79918054
  -4.40242886
  -4.26774347
  -4.01610220
  -2.59225785
  -1.66692362
  -1.30627139
  -1.43884490
  -1.64377677
  -3.07356083
  -3.64872947
  -2.86116708
  -2.40970004
  -1.51261719
  -1.32199631
  -1.83605331
  -2.87000036
  -3.41672078
  -3.62458298
  -3.45455119
  -3.60205378
  -3.63248104
  -3.36155907
  -3.87016568
  -3.68315198
  -2.55232702
  -3.29884320
  -3.90737083
  -3.86791804
  -4.20135711
  -4.61032553
  -5.04807396
  -4.98297810
  -4.52507277
  -4.44997069
  -4.39361226
  -3.83703056
  -3.26696884
  -3.38200711
  -2.91153921
  -3.54932124
  -3.48438347
  -3.42035022
  -3.83726238
  -4.01465139
  -3.89961888
  -3.52116224
  -3.92867263
  -4.17152195
  -4.33528092
  -4.43226917
  -4.30411029
  -4.11588375
  -4.14602359
  -4.22539315
  -4.22258916
  -4.18183497
  -4.22898625
  -4.30074054
  -4.23813815
  -4.01198232
  -3.68709114
  -4.15029180
  -3.49906536
  -4.87460853
  -2.89986049
  -2.56515997
  -3.16317621
  -2.34586004
  -2.13924510
  -2.12038647
  -2.39076158
  -2.94651271
  -2.76882551
  -3.48994488
  -3.59432158
  -3.62853581
  -3.76538868
  -3.77184234
  -3.51082764
  -3.59125865
  -3.67636681
  -3.12094810
  -3.36582800
  -2.78905399
  -3.29257192
  -2.98049405
  -3.45128489
  -3.11265159
  -3.41176077
  -3.33197952
  -3.23549855
  -3.46277590
  -3.03189675
  -3.42689428
  -2.93564232
  -3.38544092
  -2.76753603
  -3.09228694
  -2.70104443
  -2.63609688
  -3.02985066
  -2.62089168
  -3.07222368
  -2.72501033
  -2.92417342
  -2.93800517
  -2.80152983
  -3.20312751
  -2.84669161
  -3.27620571
  -2.88735525
  -3.32234792
  -2.94354479
  -3.36380056
  -3.02660295
  -3.38153653
  -3.18145921
  -3.25447750
  -3.31386747
  -3.02870842
  -3.28906045
  -2.93087287
  -3.14589977
  -2.94880918
  -2.86451239
  -3.09298912
  -2.70968072
  -3.15569652
  -2.72353759
  -3.18266448
  -2.84207598
  -3.18070513
  -2.91146825
  -3.15107103
  -2.92792321
  -3.04892764
  -2.98357749
  -2.82308938
  -3.14395203
  -2.72583383
  -3.19986299
  -2.68739557
  -3.09413566
  -2.80321981
  -2.92247250
  -2.98225146
  -2.73930433
  -3.13297887
  -2.63422860
  -3.10532160
  -2.69139118
  -2.80740405
  -2.98985580
  -2.68325463
  -3.13454241
  -2.69162006
  -3.11391694
  -2.75973250
  -2.91882437
  -2.92435658
  -2.80352634
  -3.42218072
  -2.70861893
  -2.55491390
  -2.79680310
  -2.34175390
  -2.28015493
  -2.73650854
  -2.41647627
  -2.32694687
  -2.80546927
  -2.51493771
  -2.47624717
  -2.96213444
  -2.57267809
  -2.78224952
  -2.88990081
  -2.62357125
  -3.10450191
  -2.66722087
  -3.02242186
  -2.83829758
  -2.79354460
  -3.08609477
  -2.69843590
  -3.14613990
  -2.66077354
  -3.08001734
  -2.74460836
  -2.73560159
  -3.03293136
  -2.59926605
  -3.08631558
  -2.61810287
  -2.72447264
  -2.91360672
  -2.51549117
  -2.97204107
  -2.60210929
  -2.53399881
  -2.96496415
  -2.49438854
  -2.68289866
  -2.79279767
  -2.44016591
  -2.85999200
  -2.58746205
  -2.40838847
  -2.89240307
  -2.48255414
  -2.37783446
  -2.85903772
  -2.42924060
  -2.34890952
  -2.82716421
  -2.41128417
  -2.31750699
  -2.85187616
  -2.47139850
  -2.59095497
  -3.44468504
  -3.11817034
  -2.61228078
  -2.27020002
  -2.36423573
  -2.08743038
  -1.90444880
  -1.88886951
  -1.98826363
  -2.42653386
  -2.02577732
  -1.91159914
  -1.94534992
  -2.38128759
  -2.05539712
  -1.90746484
  -1.92022661
  -2.45884302
  -2.56959443
  -2.39989352
  -2.25717811
  -2.40414990
  -2.48318835
  -2.17975257
  -2.07773022
  -2.07926032
  -2.11384636
  -2.61003297
  -2.26467885
  -2.02121445
  -2.00596739
  -2.46010785
  -1.69292536
  -1.48212363
  -1.55381338
  -1.44973177
  -1.26399955
  -0.61145506
   0.00000000
  -0.00392904
  -3.19335459
  -3.08129155
  -1.76771123
  -0.36011862
  -0.19690994
  -0.17029676
  -0.20339908
  -0.26223275
  -0.34026321
  -0.43492970
  -1.31090592
  -2.41114628
  -0.75891575
  -0.47496010
  -0.35910293
  -0.33157721
  -0.51641343
  -3.29419261
  -0.87178437
  -1.86913090
  -1.87063742
  -1.11214753
  -1.09167602
  -1.99135806
  -2.64093315
  -1.55619425
  -1.37756500
  -0.94939921
  -0.62202727
  -0.45336829
  -0.44990107
  -0.39847224
  -0.87171957
  -0.60164474
  -0.54767550
  -0.31106342
  -0.01896563
  -0.08835574
  -0.07217355
  -0.13904814
  -0.21413357
  -0.18915337
  -0.17559139
  -0.11997761
  -0.03770430
  -0.03712267
  -0.02067482
  -0.47095399
  -0.67942246
  -0.48578116
  -0.48531760
  -0.12492945
  -0.46481640
  -0.57019302
  -0.50829822
  -0.70624821
  -0.72317317
  -0.79790907
  -0.55615357
  -0.34281471
  -0.28711462
  -0.26876384
  -0.35447533
  -0.29352894
  -0.07929890
  -0.00881678
   0.00000000
  -0.10227666
   0.00000000
  -0.01659792
  -0.03232316
  -0.12668876
  -0.27044094
  -0.23953521
  -0.18085105
  -0.15698619
  -0.00643207
  -0.33665144
  -0.24735743
  -0.11815481
  -0.31150935
  -0.28009337
  -0.03709757
  -0.00505515
   0.00000000
   0.00000000
   0.00000000
   0.00000000
   0.00000000
   0.00000000
   0.00000000
   0.00000000
   0.00000000
   0.00000000
   0.00000000
   0.00000000
   0.00000000
   0.00000000
   0.00000000
   0.00000000
   0.00000000
  -0.00751466
  -0.00017947
   0.00000000
   0.00000000
   0.00000000
   0.00000000
   0.00000000
   0.00000000
   0.00000000
   0.00000000
   0.00000000
   0.00000000
   0.00000000
   0.00000000
   0.00000000
   0.00000000
   0.00000000
   0.00000000
   0.00000000
   0.00000000
   0.00000000
   0.00000000
  -0.01090255
