   0.00000000
   0.00000000
  -1.71679237
  -4.26403834
  -0.09483697
   0.00000000
  -0.23389563
  -3.03384910
  -4.16442396
  -2.46748980
  -0.41615513
  -0.00582528
   0.00000000
  -0.50531346
  -2.18223868
  -3.42950711
  -3.48241528
  -2.93682643
  -2.29126152
  -1.44182379
  -0.55900048
  -0.39856147
  -1.60312632
  -2.36252190
  -2.64125844
  -2.63278275
  -1.54196109
  -0.97335536
  -0.94011394
  -1.68697623
  -2.61972165
  -2.61642708
  -2.59585393
  -3.12872034
  -2.70530555
  -3.09001773
  -2.80684280
  -3.29502493
  -2.64683955
  -2.22588743
  -2.93209516
  -3.09805978
  -3.40757623
  -3.33309749
  -3.91615820
  -4.28099546
  -4.36518460
  -4.04352884
  -4.02639773
  -3.80448451
  -3.07392255
  -3.21096191
  -2.77008227
  -2.55015258
  -3.19090464
  -2.83281924
  -3.28039591
  -3.06671088
  -3.62072312
  -3.38347007
  -3.23802312
  -3.59798303
  -3.54583942
  -3.89902053
  -4.01925140
  -3.94793472
  -3.67292992
  -3.55641111
  -3.85238596
  -3.86393279
  -3.72733299
  -3.68419513
  -3.89602983
  -3.91652418
  -3.68494198
  -3.30240514
  -3.43578725
  -3.29796265
  -3.32618035
  -2.80366916
  -2.31665476
  -2.28394910
  -1.79444696
  -1.83220368
  -2.15868526
  -2.29083721
  -2.14473803
  -2.25295872
  -2.93960214
  -2.83847810
  -3.24700087
  -2.95971919
  -3.36418166
  -2.96327312
  -3.32362877
  -2.81695619
  -3.11308955
  -2.61305842
  -2.52206220
  -2.95920997
  -2.57191086
  -2.89690937
  -2.79076676
  -2.63379310
  -3.06360676
  -2.62832234
  -3.05429030
  -2.66346040
  -2.65716574
  -2.96554707
  -2.44312499
  -2.61642960
  -2.63328769
  -2.25562304
  -2.27512046
  -2.71071953
  -2.30040624
  -2.23682949
  -2.68608796
  -2.36890875
  -2.24542818
  -2.63450887
  -2.53964858
  -2.32904683
  -2.68181531
  -2.61240923
  -2.38595691
  -2.81113532
  -2.61376139
  -2.47247614
  -2.95640099
  -2.57270855
  -2.59892550
  -2.92231959
  -2.45122494
  -2.80631623
  -2.60629340
  -2.35646333
  -2.76474218
  -2.51321110
  -2.28057889
  -2.59665226
  -2.55690671
  -2.28612545
  -2.40723731
  -2.75908976
  -2.35025435
  -2.42776752
  -2.78183155
  -2.33960033
  -2.40762781
  -2.76699942
  -2.31534688
  -2.31586794
  -2.78814311
  -2.30916566
  -2.21988521
  -2.67385179
  -2.38522183
  -2.22552776
  -2.50228730
  -2.55945133
  -2.22843339
  -2.26939154
  -2.70340450
  -2.24431340
  -2.15813794
  -2.48483381
  -2.45657110
  -2.19733843
  -2.24233003
  -2.67126153
  -2.25441684
  -2.16876069
  -2.69441051
  -2.54737664
  -2.25583693
  -2.13912971
  -2.49047728
  -2.15630374
  -1.91923466
  -1.87484898
  -1.95450525
  -2.38821114
  -2.00256900
  -1.90569863
  -1.95194552
  -2.39237113
  -2.16915391
  -2.01731530
  -2.05183922
  -2.49353308
  -2.24344420
  -2.09977401
  -2.17232890
  -2.60216963
  -2.22431474
  -2.14123452
  -2.46320912
  -2.43740950
  -2.15693416
  -2.18416915
  -2.62265786
  -2.22999490
  -2.11889528
  -2.32966069
  -2.50464274
  -2.12725334
  -2.08402099
  -2.49685079
  -2.27079602
  -2.05898449
  -2.04995305
  -2.50052737
  -2.18726516
  -2.01318008
  -2.01165368
  -2.45552885
  -2.16736392
  -1.98818627
  -1.97200924
  -2.37004248
  -2.20334694
  -1.96222678
  -1.91759852
  -2.07028354
  -2.40098374
  -1.96632387
  -1.87123015
  -1.89674008
  -2.33999498
  -2.09922834
  -2.02285482
  -2.04627435
  -2.43119709
  -3.39503874
  -2.63062278
  -2.00972280
  -1.71975660
  -1.61187374
  -1.55842099
  -1.70688472
  -1.63667051
  -1.46324046
  -1.48861006
  -1.41882718
  -1.39753100
  -1.41415460
  -1.45188221
  -1.66126037
  -1.80458470
  -1.50687708
  -1.38762468
  -1.42619536
  -1.43561551
  -1.45311040
  -1.40653445
  -1.86822445
  -1.44089669
  -1.31758937
  -1.34662514
  -1.39332359
  -1.44506974
  -1.47005875
  -1.47124682
  -2.19368700
  -2.23115141
  -1.53792470
  -0.92962130
  -0.83335972
  -0.56994571
  -0.24217530
  -4.46705381
  -2.09790984
  -1.30683216
  -1.45493160
  -1.05454661
  -0.76050263
  -0.42666450
  -0.04680820
  -0.00012662
  -0.07398236
  -0.59228627
  -0.56649980
  -1.14140468
  -1.03161441
  -0.20484562
   0.00000000
   0.00000000
   0.00000000
  -0.28956947
  -2.44923552
  -0.86782104
  -0.25931962
  -0.46439115
  -0.59125389
  -0.42094309
  -0.84528052
  -1.26603494
  -0.87825465
  -0.63396622
  -0.57436610
  -0.13327540
  -0.01066790
  -0.16166844
  -0.17401499
  -0.22838353
  -0.55890236
  -0.14106175
  -0.18920131
  -0.37223407
  -0.17415352
  -0.31760948
  -0.50452541
  -0.54586177
  -0.60477729
  -0.52458639
  -0.43479913
  -0.30358887
  -0.28177417
  -0.24302038
  -0.25554981
  -0.55648368
  -0.67843324
  -0.49118916
  -0.45186107
  -0.12657572
  -0.41484758
  -0.47997625
  -0.56765396
  -0.79417873
  -0.83420508
  -0.80430071
  -0.74592540
  -0.46885169
  -0.40061447
  -0.35072488
  -0.43259993
  -0.36520692
  -0.13973930
  -0.06509018
  -0.04342139
  -0.18845148
  -0.39925041
  -0.36609873
  -0.10456948
  -0.05017105
  -0.08720062
  -0.07004792
  -0.02258998
   0.00000000
   0.00000000
   0.00000000
  -0.01270208
  -0.00260464
  -0.01154102
  -0.00096724
   0.00000000
   0.00000000
   0.00000000
   0.00000000
   0.00000000
   0.00000000
   0.00000000
   0.00000000
   0.00000000
   0.00000000
   0.00000000
   0.00000000
   0.00000000
   0.00000000
   0.00000000
   0.00000000
   0.00000000
   0.00000000
   0.00000000
   0.00000000
   0.00000000
   0.00000000
   0.00000000
   0.00000000
   0.00000000
   0.00000000
   0.00000000
  -1.22007941
  -3.75513427
  -3.67551136
  -2.85612475
  -3.15026970
  -2.64044889
  -2.62088489
  -2.82355961
  -2.61542282
  -3.21976684
  -2.94015961
  -3.38653400
  -2.92208490
  -3.21624228
  -2.64542132
