   0.00000000
   0.00000000
   0.76644121
   2.76321771
   0.08255634
   0.00000000
   0.12594618
   2.03738144
   2.79769221
   1.92707004
   0.36372025
   0.00521633
   0.00000000
   0.35430899
   1.59359505
   2.49632595
   2.55869144
   2.22828044
   1.85918971
   1.24745417
   0.49876380
   0.33553072
   1.28017110
   1.84689519
   2.00691728
   2.09278075
   1.29428560
   0.83985414
   0.80648751
   1.32870714
   2.07689657
   2.05965546
   1.97774918
   2.38305188
   2.07076982
   2.35966980
   2.15924661
   2.46671686
   2.06968184
   1.69375031
   2.28741367
   2.31530164
   2.53934170
   2.42574155
   2.77305314
   2.93333552
   2.95756585
   2.84147842
   2.84551521
   2.66526680
   2.28282194
   2.37196567
   2.11955302
   1.99276238
   2.44520912
   2.15176828
   2.47328952
   2.28828945
   2.65882787
   2.48214868
   2.42630042
   2.64051341
   2.54864831
   2.77018305
   2.82923894
   2.80763223
   2.65097942
   2.57308711
   2.76354266
   2.76895802
   2.67218733
   2.63894346
   2.77635166
   2.78251222
   2.54858909
   2.43536809
   2.41478629
   2.29426536
   1.96466777
   2.06462997
   1.81086174
   1.69124934
   1.48521873
   1.51336560
   1.77247915
   1.87168834
   1.72136912
   1.75649789
   2.24501916
   2.15095285
   2.43473273
   2.23742744
   2.52651874
   2.23593928
   2.50482052
   2.14534129
   2.36661165
   2.03900859
   1.95288206
   2.31284296
   2.00173971
   2.22629753
   2.17090428
   2.02211105
   2.36731440
   2.02889791
   2.32983533
   2.07988106
   2.03201832
   2.28224565
   1.90032184
   2.00891122
   2.07481019
   1.79781647
   1.79552507
   2.14989645
   1.83947398
   1.76489984
   2.10885042
   1.89570490
   1.77676718
   2.05689736
   2.02108344
   1.83568077
   2.08208153
   2.06850230
   1.87121764
   2.17462282
   2.06214234
   1.92205232
   2.28929674
   2.01635023
   2.00317698
   2.27439779
   1.91851979
   2.14394728
   2.06121607
   1.85462585
   2.11922610
   1.99816170
   1.80905490
   2.01002840
   2.03456000
   1.81743165
   1.88208118
   2.18137077
   1.86097141
   1.89105034
   2.19057940
   1.85642944
   1.87289247
   2.16912655
   1.84726439
   1.81912661
   2.15789084
   1.84616843
   1.75980380
   2.09284446
   1.91572789
   1.76805295
   1.94799559
   2.02349469
   1.77268416
   1.76084432
   2.10429015
   1.81259236
   1.72090708
   1.95075950
   1.97134526
   1.75828141
   1.76483716
   2.10775137
   1.81323605
   1.72247289
   2.02557724
   1.90161549
   1.70255947
   1.63912758
   1.95122222
   1.74465665
   1.56974213
   1.52663580
   1.57789128
   1.94556020
   1.63710152
   1.54559646
   1.56262770
   1.91064195
   1.76169566
   1.62997250
   1.63263147
   1.97721495
   1.81479767
   1.68617496
   1.71270080
   2.06506859
   1.79440008
   1.70619073
   1.93252154
   1.95527330
   1.73251451
   1.72358054
   2.06571710
   1.80347599
   1.69576938
   1.82810602
   1.99948471
   1.72009663
   1.66215432
   1.94980241
   1.83939135
   1.66685897
   1.63744551
   1.95872843
   1.78009364
   1.63324452
   1.61115024
   1.92599882
   1.76791880
   1.61701333
   1.58527881
   1.85180848
   1.78803435
   1.60382011
   1.55203593
   1.63219347
   1.91254864
   1.61515462
   1.52730230
   1.52851357
   1.83674651
   1.69431328
   1.55205891
   1.49767247
   1.57249804
   1.94102063
   1.62713009
   1.51289030
   1.44071399
   1.37123700
   1.31971865
   1.44404925
   1.38743550
   1.23649782
   1.25443476
   1.19173785
   1.16941018
   1.17905224
   1.20582416
   1.37924591
   1.51231108
   1.26644871
   1.15403991
   1.12575523
   1.12409327
   1.14472533
   1.15275427
   1.56869204
   1.21866448
   1.10299836
   1.05696935
   1.03714391
   1.03514998
   1.02456884
   1.00407493
   1.44941301
   1.29088514
   0.94403477
   0.73430393
   0.73730509
   0.50294172
   0.20822544
   4.00106084
   2.00856827
   1.28878549
   1.45878526
   1.07850747
   0.78891403
   0.44788487
   0.04898969
   0.00013107
   0.07517697
   0.60100773
   0.58250122
   1.18820585
   1.09015454
   0.22132781
   0.00000000
   0.00000000
   0.00000000
   0.30609483
   2.63306003
   0.96710358
   0.29873163
   0.53676630
   0.68908526
   0.49556659
   0.99442274
   1.48517143
   1.00259205
   0.69441377
   0.60723501
   0.12163449
   0.00992327
   0.16856702
   0.18659400
   0.27030389
   0.67722872
   0.16316331
   0.25065658
   0.51806188
   0.24432166
   0.42796546
   0.66518531
   0.70278556
   0.76588661
   0.65971100
   0.55065891
   0.38875063
   0.37003341
   0.32505003
   0.34278199
   0.75000590
   0.92775802
   0.67905703
   0.63477501
   0.18100975
   0.60292711
   0.70444746
   0.84857285
   1.20350693
   1.28856751
   1.26817289
   1.20467284
   0.76815027
   0.67152636
   0.60714185
   0.77212003
   0.66697906
   0.25717832
   0.12179438
   0.08455017
   0.37037797
   0.79431341
   0.73734670
   0.21322306
   0.10337427
   0.18138180
   0.14827171
   0.04916191
   0.00000000
   0.00000000
   0.00000000
   0.03342112
   0.00699513
   0.03313158
   0.00282718
   0.00000000
   0.00000000
   0.00000000
   0.00000000
   0.00000000
   0.00000000
   0.00000000
   0.00000000
   0.00000000
   0.00000000
   0.00000000
   0.00000000
   0.00000000
   0.00000000
   0.00000000
   0.00000000
   0.00000000
   0.00000000
   0.00000000
   0.00000000
   0.00000000
   0.00000000
   0.00000000
   0.00000000
   0.00000000
   0.00000000
   0.00000000
   0.88927417
   2.77192959
   2.76248239
   2.18483699
   2.42106713
   2.05294226
   2.04597333
   2.22082325
   2.01015538
   2.44315238
   2.21016994
   2.53982055
   2.19962044
   2.45214467
   2.04035374
