    0.000
    0.000
    0.003
    0.003
    0.000
   -0.000
    0.000
    0.001
    0.002
   -0.000
   -0.000
   -0.000
   -0.000
   -0.000
    0.000
    0.001
    0.002
    0.003
    0.001
    0.001
   -0.000
   -0.000
   -0.000
    0.001
    0.001
    0.001
   -0.000
   -0.000
   -0.000
   -0.000
    0.000
    0.001
    0.001
    0.002
    0.002
    0.002
    0.002
    0.003
    0.001
    0.000
    0.001
    0.001
    0.001
    0.003
    0.004
    0.006
    0.007
    0.008
    0.008
    0.008
    0.007
    0.007
    0.008
    0.009
    0.009
    0.009
    0.010
    0.011
    0.012
    0.012
    0.013
    0.014
    0.013
    0.013
    0.015
    0.016
    0.014
    0.014
    0.016
    0.017
    0.016
    0.016
    0.017
    0.015
    0.015
    0.013
    0.012
    0.013
    0.014
    0.014
    0.012
    0.008
    0.007
    0.007
    0.007
    0.008
    0.006
    0.005
    0.006
    0.007
    0.007
    0.008
    0.006
    0.006
    0.004
    0.003
    0.004
   -0.001
   -0.001
   -0.000
    0.000
    0.001
    0.002
    0.002
    0.000
   -0.000
    0.000
    0.001
    0.002
   -0.001
   -0.000
   -0.002
   -0.003
   -0.001
   -0.000
    0.000
    0.001
   -0.003
   -0.002
   -0.000
    0.000
    0.001
    0.001
    0.002
    0.002
    0.003
    0.001
    0.000
    0.001
    0.001
   -0.001
   -0.001
   -0.000
    0.001
    0.001
   -0.001
   -0.001
   -0.002
   -0.002
   -0.003
   -0.002
   -0.001
    0.000
    0.001
   -0.001
   -0.001
   -0.000
    0.000
    0.001
   -0.006
   -0.005
   -0.002
   -0.001
   -0.000
   -0.002
   -0.001
   -0.001
    0.000
    0.001
   -0.004
   -0.003
   -0.001
   -0.000
    0.000
    0.001
    0.001
    0.002
   -0.001
   -0.001
   -0.002
   -0.002
   -0.001
   -0.002
   -0.002
   -0.001
    0.000
   -0.002
   -0.001
   -0.000
   -0.002
   -0.002
   -0.001
   -0.002
   -0.002
   -0.001
   -0.000
    0.000
    0.001
    0.001
   -0.001
   -0.001
   -0.000
    0.000
    0.001
    0.001
    0.002
   -0.002
   -0.001
   -0.000
    0.000
    0.001
   -0.002
   -0.002
   -0.006
   -0.008
   -0.006
   -0.004
   -0.003
   -0.002
   -0.001
   -0.003
   -0.002
   -0.001
   -0.001
   -0.000
    0.000
    0.001
   -0.004
   -0.004
   -0.005
   -0.004
   -0.005
   -0.006
   -0.005
   -0.003
   -0.002
   -0.003
   -0.008
   -0.009
   -0.006
   -0.004
   -0.002
   -0.001
   -0.000
    0.000
    0.000
   -0.002
   -0.002
   -0.001
   -0.000
   -0.000
   -0.005
   -0.007
   -0.005
   -0.010
   -0.008
   -0.005
   -0.007
   -0.008
   -0.005
   -0.003
   -0.002
   -0.001
   -0.000
   -0.002
   -0.002
   -0.001
   -0.000
   -0.000
    0.000
    0.000
    0.000
   -0.002
   -0.001
   -0.000
   -0.000
    0.000
    0.000
    0.000
    0.000
    0.005
    0.026
    0.045
    0.058
    0.070
    0.084
    0.095
    0.104
    0.108
    0.110
    0.111
    0.116
    0.126
    0.140
    0.153
    0.166
    0.175
    0.178
    0.180
    0.187
    0.194
    0.191
    0.188
    0.188
    0.188
    0.186
    0.184
    0.184
    0.181
    0.179
    0.178
    0.178
    0.176
    0.176
    0.176
    0.176
    0.174
    0.172
    0.168
    0.164
    0.161
    0.159
    0.156
    0.153
    0.151
    0.149
    0.147
    0.146
    0.145
    0.143
    0.143
    0.141
    0.140
    0.139
    0.137
    0.137
    0.137
    0.135
    0.133
    0.133
    0.131
    0.128
    0.125
    0.123
    0.121
    0.119
    0.117
    0.115
    0.113
    0.111
    0.111
    0.111
    0.109
    0.105
    0.102
    0.101
    0.099
    0.095
    0.093
    0.091
    0.088
    0.088
    0.086
    0.086
    0.085
    0.084
    0.082
    0.080
    0.080
    0.080
    0.079
    0.078
    0.078
    0.072
    0.048
    0.055
    0.056
    0.056
    0.056
    0.056
    0.055
    0.053
    0.052
    0.048
    0.047
    0.048
    0.049
    0.050
    0.050
    0.050
    0.050
    0.051
    0.051
    0.052
    0.053
    0.047
    0.043
    0.043
    0.030
    0.030
    0.030
    0.031
    0.032
    0.032
    0.024
   -0.000
   -0.001
   -0.012
   -0.013
