   0.00000000
   0.00000000
   0.76700299
   2.76356293
   0.08459605
   0.00000000
   0.00000000
   0.00000000
   0.00000000
   0.00000000
   0.00000000
   0.00000000
   0.00000000
   0.00000000
   0.00000000
   0.00000000
   0.00000000
   0.00000000
   0.00000000
   0.00000000
   0.00000000
   0.00000000
   0.00000000
   0.00000000
   0.00000000
   0.00000000
   0.00000000
   0.00000000
   0.00000000
   0.00000000
   0.00000000
   0.00000000
   0.00000000
   0.00000000
   0.00000000
   0.00000000
   0.00000000
   0.00000000
   0.00000000
   0.00000000
   0.00000000
   0.00000000
   0.00000000
   0.00000000
   0.00000000
   0.00000000
   0.00000000
   0.00119250
   0.02601583
   0.00054027
   0.08778048
   0.73206919
   0.76291735
   0.72386271
   0.68459677
   0.60932943
   0.63037722
   0.75575684
   0.71198964
   0.59129848
   0.63744903
   0.88194275
   1.32852432
   1.12916245
   0.87229273
   0.74135595
   0.86991574
   0.89966753
   0.86931354
   0.83763016
   0.89152757
   0.96998582
   0.92719645
   0.76729385
   1.08200476
   1.02371930
   0.64260206
   0.46405412
   0.29390025
   0.19851585
   0.18415272
   0.17131714
   0.18551779
   0.24953171
   0.34214567
   0.40235250
   0.48337986
   0.59985329
   0.65203357
   0.65088195
   0.58913701
   0.60894695
   0.60160837
   0.58775496
   0.54935758
   0.46593066
   0.40716178
   0.43111663
   0.53021506
   0.57104882
   0.59247503
   0.56984292
   0.56530332
   1.05070612
   0.96912496
   0.72067843
   0.59615057
   0.51356034
   0.44550010
   0.39496621
   0.35749254
   0.34522677
   0.38863107
   0.42984654
   0.40246397
   0.38526656
   0.35433547
   0.32718436
   0.32893245
   0.31683996
   0.31414606
   0.30616383
   0.30448013
   0.31577484
   0.32679304
   0.34615161
   0.37448037
   0.41944927
   0.43199647
   0.44392006
   0.44806652
   0.44391429
   0.41710020
   0.39870778
   0.39011180
   0.38901413
   0.74373381
   1.12207314
   0.78269069
   0.56351950
   0.46860248
   0.42270193
   0.40087209
   0.39133452
   0.38294076
   0.37762110
   0.36218787
   0.34770028
   0.36222855
   0.38849741
   0.41017330
   0.37902615
   0.33091835
   0.30482088
   0.25083300
   0.25761486
   0.24822960
   0.23679312
   0.23787787
   0.23366724
   0.24486582
   0.24682805
   0.24373069
   0.25277268
   0.27110324
   0.29423242
   0.31065569
   0.31712326
   0.33844766
   0.35105763
   0.35245027
   0.33683995
   0.30521076
   0.27947347
   0.24113237
   0.19504021
   0.15692104
   0.13553594
   1.21562740
   1.02290957
   0.76234986
   0.51442628
   0.40026938
   0.35055160
   0.31332054
   0.29529804
   0.28851969
   0.28649642
   0.28523102
   0.28283394
   0.28875863
   0.29187409
   0.29516349
   0.29527564
   0.28776765
   0.28595609
   0.28583352
   0.32246715
   0.36223044
   0.35299800
   0.33001190
   0.29978890
   0.26889731
   0.24908347
   0.22509781
   0.20878354
   0.19599789
   0.18257362
   0.17593171
   0.17329733
   0.17066729
   0.17404839
   0.18055453
   0.18487686
   0.18311617
   0.18803843
   0.19978637
   0.20925701
   0.23091055
   0.23033271
   0.23019130
   0.22566299
   0.21584550
   0.20473312
   0.19262707
   0.18178055
   0.17325748
   0.16617515
   0.14309110
   0.05924979
   0.02607201
   0.00550388
   0.00240030
   1.61866283
   2.25464473
   3.34554751
   3.35534697
   3.08552027
   2.38852594
   2.39939303
   1.88203583
   1.62485508
   1.62646746
   1.67928412
   1.30242966
   1.11268655
   1.01023440
   0.94268088
   0.89166133
   0.84622291
   0.80122844
   0.74801095
   1.18429651
   0.89675759
   0.68430664
   0.57234426
   0.53189098
   0.56351075
   0.45536448
   0.27882603
   0.04087704
   0.00000000
   0.00000000
   0.00000000
   0.00000000
   0.01524192
   0.04231893
   0.00000000
   0.00000000
   1.07489513
   2.23631274
   1.23819438
   0.68217268
   0.00000000
   0.00000000
   0.00000000
   0.00000000
   0.00000000
   0.00000000
   0.00749548
   0.00865045
   0.00000000
   0.00000000
   0.00000000
   0.00000000
   0.03563696
   0.00016798
   0.00000000
   0.00000000
   0.00000000
   0.00000000
   0.03269331
   0.15469592
   0.00000000
   0.00000000
   0.00913029
   0.00000000
   0.00000000
   0.01922792
   0.45218824
   0.00000000
   0.00000000
   0.00000000
   0.00000000
   0.00000000
   0.00000000
   0.00000000
   0.00000000
   0.00000000
   0.00000000
   0.00000000
   0.00000000
   0.00000000
   0.00000000
   0.00000000
   0.00000000
   0.00000000
   0.00000000
   0.00000000
   0.00000000
   0.00000000
   0.00000000
   0.00000000
   0.00000000
   0.00000000
   0.00000000
   0.00000000
   0.00000000
   0.00000000
   0.00000000
   0.00000000
   0.00000000
   0.00000000
   0.00000000
   0.00000000
   0.00000000
   0.00000000
   0.00000000
   0.00000000
   0.00000000
   0.00000000
   0.00000000
   0.00000000
   0.00000000
   0.00000000
   0.00000000
   0.00000000
   0.00000000
   0.00000000
   0.00000000
   0.00000000
   0.00000000
   0.00000000
   0.00000000
   0.00000000
   0.00000000
   0.00000000
   0.00000000
   1.29483909
   3.30583406
   1.30105467
   1.67794599
   0.30478369
   0.03023527
   0.00000000
   0.00000000
   0.00181656
   2.59634147
   3.25677795
   1.53649410
   0.85208889
   0.58409924
   1.02962602
   0.87233761
   0.61655206
   0.50808001
   0.53144321
   0.63620751
   0.64155833
   0.57560516
   0.49408325
   0.51927163
   0.64307785
   0.72051734
   0.69571283
   0.66650743
   0.58721414
   0.49695449
   0.43290460
   0.33272740
   0.24314307
   0.21663833
   0.23427705
   0.29649605
   0.36815779
   0.40979871
   0.37248247
   0.29566426
   0.22740919
