   0.00000000
   0.00000000
  -1.71684728
  -4.26389923
  -0.09394488
   0.00000000
  -0.28901311
  -3.99489563
  -4.26913799
  -3.12298912
  -0.87490165
  -0.17643256
   0.00000000
  -0.75706374
  -2.39925728
  -3.62466046
  -3.52122188
  -3.27344776
  -2.41993449
  -1.65488480
  -0.71477731
  -0.58245139
  -1.60378955
  -2.51488392
  -3.04312080
  -2.57904875
  -1.62760028
  -1.08810312
  -1.62941240
  -2.04786692
  -2.35936196
  -2.49532301
  -3.15187142
  -2.93267155
  -3.24938499
  -2.87909145
  -3.33837266
  -3.17338546
  -3.18460279
  -2.32071932
  -2.70457688
  -3.53478070
  -3.50992887
  -3.54129013
  -4.10606896
  -4.47644756
  -4.66847171
  -4.11538642
  -4.06577543
  -3.96196676
  -3.54824780
  -3.03289024
  -2.98073498
  -2.87816370
  -2.91627358
  -3.30805322
  -3.11893518
  -3.42358002
  -3.72364987
  -3.40694514
  -3.46567906
  -3.69713618
  -3.73180804
  -3.97259255
  -4.11937878
  -4.01380721
  -3.90132863
  -3.86081362
  -3.80703052
  -3.84260553
  -3.92197871
  -4.01441522
  -4.02573670
  -3.91997741
  -3.65344196
  -3.69541587
  -3.33021571
  -3.66275749
  -3.58985909
  -2.83458815
  -2.58582391
  -2.52315795
  -1.89116780
  -1.91076552
  -2.19381017
  -2.40179000
  -2.24108738
  -2.37513699
  -3.09726647
  -2.92765231
  -3.43535844
  -3.11445426
  -3.42793280
  -3.34251721
  -3.12982166
  -3.34017698
  -2.85534914
  -2.95460428
  -2.80674997
  -2.60686819
  -3.10886695
  -2.72519110
  -3.10499236
  -2.80246918
  -3.02229360
  -2.95031366
  -2.84130641
  -3.07625382
  -2.69189712
  -3.14380095
  -2.58509567
  -2.72306617
  -2.74474123
  -2.35066138
  -2.50058182
  -2.71758851
  -2.34741710
  -2.48968002
  -2.74708010
  -2.35220822
  -2.57240538
  -2.75076489
  -2.43329179
  -2.79742404
  -2.68411394
  -2.49614052
  -2.98424494
  -2.60156901
  -2.70547189
  -2.97759163
  -2.62188990
  -3.09043944
  -2.66904765
  -2.95210677
  -2.77942593
  -2.57220833
  -3.01497060
  -2.51797275
  -2.61127102
  -2.86436334
  -2.40774796
  -2.68792742
  -2.67412379
  -2.39280862
  -2.75232770
  -2.65873241
  -2.44531553
  -2.90487733
  -2.55033864
  -2.48349568
  -2.91390388
  -2.44620175
  -2.50638945
  -2.85332891
  -2.39070172
  -2.56866982
  -2.78084203
  -2.36656596
  -2.45978510
  -2.78547249
  -2.35978578
  -2.47994405
  -2.75787475
  -2.31760772
  -2.40995470
  -2.77137848
  -2.32901092
  -2.33248961
  -2.77865589
  -2.37361221
  -2.33491891
  -2.79599713
  -2.38720955
  -2.31128224
  -2.88511566
  -2.63436956
  -2.41950197
  -2.62743138
  -2.43047643
  -2.09391740
  -2.00708849
  -2.23221726
  -2.35873429
  -2.04579979
  -2.00153043
  -2.23918030
  -2.43374352
  -2.11617812
  -2.11287041
  -2.52916019
  -2.36704434
  -2.18617232
  -2.30617922
  -2.69484650
  -2.27595905
  -2.27864341
  -2.74332012
  -2.36897284
  -2.28114453
  -2.74105815
  -2.40088281
  -2.26045259
  -2.67149469
  -2.45794945
  -2.25199266
  -2.47923329
  -2.59736415
  -2.23613467
  -2.27322380
  -2.69487999
  -2.25258578
  -2.16327739
  -2.57559906
  -2.36698814
  -2.14385736
  -2.19204453
  -2.62031027
  -2.19948483
  -2.09852842
  -2.35243015
  -2.45640332
  -2.11615116
  -2.07102737
  -2.49968256
  -2.27078692
  -2.04914910
  -2.03296948
  -2.47963503
  -2.20595525
  -2.00852777
  -1.98839866
  -2.41076319
  -2.30529863
  -2.22072887
  -2.27946358
  -3.04181448
  -2.75387848
  -2.10992594
  -1.88571324
  -1.74836284
  -1.67559614
  -1.89844194
  -1.82050926
  -1.64488499
  -1.54317199
  -1.53203997
  -1.56885754
  -1.62005575
  -2.08925777
  -1.71947309
  -1.55948832
  -1.53114682
  -1.86107256
  -2.19104877
  -2.34074378
  -1.87344861
  -1.57293568
  -1.46568106
  -1.43183704
  -1.46622400
  -1.64932360
  -2.24945880
  -1.95427400
  -1.78487715
  -1.64384809
  -1.76897765
  -2.33099272
  -1.51348987
  -0.82023773
  -0.83110448
  -1.07429992
   0.00000000
  -4.04312298
  -2.73942910
  -1.62673819
  -1.75124092
  -1.23880085
  -0.90703608
  -0.47484890
  -0.05888577
   0.00000000
   0.00000000
  -0.44782308
  -1.64141531
  -1.20015628
  -1.04624015
  -0.68731999
  -0.09072539
  -0.00364235
  -0.00783925
   0.00000000
  -2.03908888
  -0.88491415
  -0.17715190
   0.00000000
  -0.22175148
  -0.40105527
  -0.78884561
  -1.23246895
  -0.87671219
  -0.65232476
  -0.59607952
  -0.40941691
  -0.24347362
  -0.02410606
  -0.00412239
  -0.01870008
  -0.25418259
  -0.26204129
  -0.28076573
  -0.43829324
  -0.46693488
  -0.51696956
  -0.41361717
  -0.45820722
  -0.22974671
  -0.28239029
  -0.47812641
  -0.39168032
  -0.35961502
  -0.35988511
  -0.34260431
  -0.46274398
  -0.72817281
  -0.48950649
  -0.32115826
  -0.09105430
  -0.56275990
  -0.68270840
  -0.61146860
  -0.75462999
  -0.85678968
  -0.99022481
  -0.87705565
  -0.60262171
  -0.49993951
  -0.45303911
  -0.56055358
  -0.47824529
  -0.18215726
  -0.07451967
  -0.00014524
  -0.26026747
  -0.45335167
  -0.50614607
  -0.16494934
  -0.22375595
  -0.28888423
  -0.14690780
  -0.00137468
   0.00000000
   0.00000000
  -0.00948857
  -0.00565082
   0.00000000
   0.00000000
  -0.03970475
   0.00000000
   0.00000000
   0.00000000
   0.00000000
   0.00000000
   0.00000000
   0.00000000
   0.00000000
   0.00000000
   0.00000000
   0.00000000
   0.00000000
   0.00000000
   0.00000000
   0.00000000
   0.00000000
   0.00000000
   0.00000000
   0.00000000
   0.00000000
   0.00000000
  -0.14102185
  -0.00045148
   0.00000000
   0.00000000
   0.00000000
   0.00000000
   0.00000000
   0.00000000
   0.00000000
   0.00000000
   0.00000000
   0.00000000
  -0.81732335
  -2.30938034
  -3.17367984
  -2.80089996
  -3.10205732
  -2.94604330
  -2.97280323
  -2.93578643
  -2.70376976
