1.704888514903949215e+01
1.744579921236595865e+01
1.784267642077536919e+01
1.824275907275459829e+01
1.824548013323512308e+01
1.824806621214106173e+01
1.824933253089816532e+01
1.824984654517292881e+01
1.824867720883379718e+01
1.824547681232866125e+01
1.824230987773668389e+01
1.824185644476209234e+01
1.824259668572248927e+01
1.824381763834708892e+01
1.824633802872390120e+01
1.824913117776317151e+01
1.825085052222903315e+01
1.825010417024611442e+01
1.824880781233228078e+01
1.824780961685517156e+01
1.824805770909024361e+01
1.824831209107972185e+01
1.824727423226363143e+01
1.824619160082408698e+01
1.824577230076742040e+01
1.824577230076742040e+01
1.824469801496284305e+01
1.824322990904914477e+01
1.824227177248129550e+01
1.824346172916849795e+01
1.824542117936926999e+01
1.824735219640917805e+01
1.824956814378873204e+01
1.825187594079587683e+01
1.825742824090932714e+01
1.826786475443652691e+01
1.829368001875107907e+01
1.840568482229981839e+01
1.849203691658007287e+01
