2.810731190014966430e+01
2.594407474037005912e+01
2.390986674200807016e+01
2.486678266164984663e+01
2.634372184910608539e+01
2.748761681920995059e+01
2.761231941030523629e+01
2.761309714430247553e+01
2.624322567607165269e+01
2.329245835343497717e+01
2.044796381574996147e+01
1.971106049058835552e+01
1.971186035075566778e+01
2.000338675129734511e+01
2.121551357801217108e+01
2.257345554655179853e+01
2.316484361442026696e+01
2.227273491196114819e+01
2.110425860154271405e+01
2.006129137125439854e+01
1.971776120642067553e+01
1.971803607640430656e+01
1.971691462815880413e+01
1.971574480129066131e+01
1.971529173069416530e+01
1.971529173069416530e+01
1.894278081664418423e+01
1.747756219604875128e+01
1.637235803888609453e+01
1.700448788656504462e+01
1.847895010565468610e+01
1.995374490563684233e+01
2.142943340130470631e+01
2.290559494713756905e+01
2.586124778741858066e+01
3.024932832850642939e+01
4.177834943476780438e+01
8.982386653456360648e+01
1.083334112814536638e+02
