            0.0     0.00000     0.00000     0.00000    34.00000
    -44938884.8     0.07620     0.16177     0.18493    19.58937
    -68499249.5     0.11896     0.19863     0.24984    17.09688
    -89337607.4     0.15763     0.23271     0.31388    15.97430
   -105821778.0     0.19280     0.26898     0.36656    15.01656
   -120940914.8     0.22413     0.29098     0.41571    14.45454
   -137026193.2     0.25252     0.32398     0.46353    14.16866
   -150684901.7     0.28104     0.34091     0.50578    13.69985
   -157905114.5     0.31126     0.37508     0.54727    13.24924
   -167627896.0     0.35107     0.40332     0.58040    11.95347
   -175385716.4     0.36682     0.40138     0.59635    11.51234
   -179191127.8     0.38431     0.42957     0.62396    11.48042
   -188641286.1     0.40100     0.43844     0.64441    11.22309
   -199738277.8     0.41575     0.44429     0.66483    11.06503
   -209608843.0     0.43312     0.45054     0.68839    10.89159
   -215892463.0     0.45943     0.54588     0.71623    10.84365
   -224718437.0     0.47605     0.56270     0.74183    10.82463
   -234019864.6     0.49051     0.58080     0.76000    10.65993
   -241607569.1     0.50625     0.59357     0.78463    10.64908
   -247014249.6     0.53391     0.72427     0.80622    10.54140
   -252196717.3     0.55642     0.81253     0.82686    10.44971
   -257697341.1     0.57557     0.84086     0.84636    10.21561
   -262655795.5     0.58758     0.84233     0.85833    10.03517
   -267552324.6     0.59759     0.84966     0.86834     9.87825
   -272681105.8     0.60791     0.87207     0.88429     9.91571
   -277711900.8     0.61770     0.87479     0.89531     9.82257
   -283136917.4     0.62776     0.88492     0.90854     9.76062
   -287265109.8     0.63797     0.89947     0.92491     9.78389
   -288708581.9     0.65005     0.92540     0.93828     9.74717
   -292172602.9     0.66665     0.99504     0.95072     9.64388
   -297385811.5     0.69249     1.12657     0.96714     9.50672
   -302587557.6     0.71317     1.14918     0.98159     9.15220
   -306882850.1     0.72576     1.15676     0.98891     8.86238
   -309148761.6     0.73143     1.15203     0.99343     8.75246
   -311115891.3     0.73825     1.17236     1.00367     8.78137
   -313488859.7     0.74504     1.17304     1.00752     8.64075
   -316024405.1     0.75126     1.17877     1.01814     8.69077
   -320384674.0     0.75859     1.18875     1.02642     8.62994
   -324627613.8     0.76419     1.18715     1.03406     8.61105
   -327754060.0     0.77085     1.20053     1.04455     8.63030
   -330481693.8     0.77715     1.19992     1.05022     8.54745
   -333448482.8     0.78386     1.21641     1.06371     8.64146
   -335364465.5     0.79066     1.21239     1.06865     8.51797
   -338143218.3     0.79723     1.21776     1.08126     8.59407
   -339566534.8     0.80419     1.22556     1.08747     8.50032
   -344072111.1     0.81024     1.22728     1.09796     8.54007
   -348236879.8     0.81716     1.23668     1.10599     8.49049
   -349962424.4     0.82308     1.23756     1.11373     8.47228
   -351140365.6     0.83076     1.25857     1.12467     8.49202
   -354504235.9     0.83684     1.25670     1.13062     8.42575
   -357305800.2     0.84349     1.27351     1.14378     8.51179
   -359016102.7     0.84981     1.26944     1.14813     8.39992
   -362103144.7     0.85548     1.27174     1.15837     8.44454
   -364613993.7     0.86223     1.28180     1.16584     8.39303
   -367462940.6     0.86768     1.28107     1.17279     8.37158
   -371283905.2     0.87419     1.29545     1.18421     8.41718
   -374658931.0     0.87977     1.29027     1.18864     8.32885
   -377215283.1     0.88537     1.29272     1.19913     8.37777
   -377241528.6     0.89333     1.31617     1.20603     8.31936
   -377220443.1     0.89965     1.32365     1.21368     8.30822
   -380843582.9     0.90652     1.33782     1.22467     8.33310
   -380614031.8     0.91391     1.35179     1.22980     8.26294
   -381714078.9     0.92080     1.36503     1.24070     8.30934
   -384070661.6     0.93022     1.37589     1.24759     8.17380
   -387361952.1     0.94146     1.37709     1.25601     8.01447
   -389390202.6     0.94811     1.39104     1.26369     7.98183
   -392004605.6     0.95287     1.38668     1.26504     7.86611
   -395558913.6     0.95665     1.38268     1.26830     7.81615
   -398255272.5     0.96054     1.38333     1.27511     7.84194
   -400560931.4     0.96523     1.39701     1.28385     7.88507
   -401797882.0     0.96986     1.39345     1.28649     7.79961
   -403093395.2     0.97440     1.39549     1.29257     7.79667
   -403694961.3     0.97965     1.41546     1.30361     7.88271
   -405835412.9     0.98469     1.41122     1.30629     7.78814
   -409670718.9     0.98897     1.41005     1.31237     7.78695
   -412418197.2     0.99378     1.42646     1.32356     7.87956
   -415161500.1     0.99867     1.42085     1.32587     7.78039
   -416812629.7     1.00284     1.41915     1.33108     7.76269
   -417911997.6     1.00767     1.42484     1.34087     7.82462
   -418583346.1     1.01322     1.43573     1.34534     7.76276
   -419292938.0     1.01764     1.43498     1.35013     7.73388
   -421353489.1     1.02230     1.43940     1.35969     7.79394
   -423425968.4     1.02782     1.44991     1.36513     7.75053
   -426024716.3     1.03194     1.44713     1.36939     7.71732
   -427057188.2     1.03635     1.45113     1.37765     7.76101
   -428549609.2     1.04165     1.46306     1.38445     7.74893
   -430778151.4     1.04558     1.45920     1.38741     7.69457
   -430242900.1     1.05029     1.46857     1.39363     7.70903
   -429731700.1     1.05575     1.49273     1.40366     7.77572
   -429894444.7     1.06076     1.49403     1.40565     7.68789
   -431473038.6     1.06643     1.49587     1.41085     7.64057
   -432199567.5     1.07464     1.50142     1.42025     7.60398
   -433034167.3     1.08311     1.51359     1.42598     7.49356
   -432993227.9     1.08966     1.51515     1.42890     7.38308
   -433620697.8     1.09504     1.51661     1.43292     7.32076
   -434342065.2     1.10096     1.52059     1.43890     7.28226
   -435634745.8     1.10846     1.53382     1.44470     7.20093
   -436218800.9     1.11478     1.53854     1.44618     7.08107
   -437026699.4     1.11895     1.53825     1.44779     7.00533
   -438790837.3     1.12344     1.54143     1.45064     6.95171
   -439477769.7     1.12871     1.54532     1.45506     6.90643
   -439926376.2     1.13171     1.55109     1.45952     6.92214
   -440707981.2     1.13475     1.56583     1.46351     6.92789
   -441559579.7     1.13778     1.55902     1.46000     6.77600
   -442209535.2     1.14050     1.56150     1.46418     6.79046
   -443229833.3     1.14310     1.56101     1.46622     6.76280
   -444758193.0     1.14655     1.56205     1.46990     6.74634
   -444851113.3     1.14972     1.56947     1.47421     6.76170
   -445533448.9     1.15185     1.57295     1.47932     6.80485
   -446812374.4     1.15464     1.58541     1.48354     6.81581
   -447378607.9     1.15796     1.58334     1.48408     6.74104
   -447842979.6     1.15999     1.58133     1.48486     6.70154
   -447714337.6     1.16191     1.58140     1.48664     6.68710
   -447894058.0     1.16479     1.59284     1.48954     6.69577
   -448598615.2     1.16716     1.59983     1.49353     6.72377
   -449828218.8     1.16979     1.60295     1.49876     6.75592
   -450633479.6     1.17492     1.61676     1.50413     6.73161
   -450847565.9     1.17834     1.61571     1.50463     6.65655
   -451238254.9     1.18090     1.61882     1.50517     6.61301
   -451619543.1     1.18292     1.62061     1.50641     6.59114
   -451822103.6     1.18471     1.62084     1.50857     6.58696
   -452265913.8     1.19070     1.66658     1.51153     6.60179
   -453193119.4     1.19618     1.70852     1.51525     6.63101
   -452611024.5     1.19949     1.72878     1.51961     6.67003
   -452408575.6     1.20216     1.74431     1.52000     6.62222
   -452735108.6     1.20442     1.74548     1.52000     6.57113
   -452996320.0     1.20625     1.74731     1.52351     6.59347
   -452896725.9     1.20926     1.75037     1.52458     6.54709
   -452761187.9     1.21141     1.75405     1.52624     6.53316
   -453094927.2     1.21384     1.75709     1.52880     6.52642
   -453254301.6     1.21771     1.76103     1.53220     6.50049
   -454007561.1     1.22238     1.76522     1.53602     6.46219
   -454091055.5     1.22808     1.77349     1.53992     6.40852
   -454705489.0     1.23255     1.78919     1.54376     6.37922
   -454964076.4     1.23727     1.79264     1.54411     6.28238
   -455213265.8     1.24028     1.79287     1.54377     6.20596
   -455758433.0     1.24300     1.79344     1.54000     6.07782
   -455258198.4     1.24525     1.80340     1.54000     6.04625
   -455538865.3     1.24588     1.80394     1.54000     6.03188
   -455645557.0     1.24691     1.80850     1.54000     6.01793
   -456500601.6     1.24829     1.81508     1.54000     6.00286
   -457332314.4     1.24975     1.82194     1.54369     6.05018
   -457332673.6     1.25135     1.82242     1.54443     6.02686
   -457984763.7     1.25261     1.82219     1.54530     6.01245
   -457815308.3     1.25381     1.82238     1.54633     6.00268
   -457764086.4     1.25463     1.82471     1.54733     6.00643
   -457480185.8     1.25529     1.82712     1.54848     6.01620
   -456978366.1     1.25595     1.82990     1.54976     6.02829
   -456878377.8     1.25661     1.83248     1.55115     6.04206
   -456768241.5     1.25741     1.83658     1.55262     6.05717
   -456836722.5     1.25829     1.84141     1.55417     6.07344
   -456675598.5     1.25926     1.84726     1.55578     6.09071
   -456844417.4     1.25991     1.84986     1.55745     6.10887
   -457179766.2     1.26049     1.85133     1.55916     6.12782
   -457003735.5     1.26112     1.85367     1.56092     6.14746
   -456552481.4     1.26199     1.86665     1.56352     6.17978
   -456447973.4     1.26314     1.86193     1.56000     6.08225
   -455362016.2     1.26398     1.86036     1.56000     6.06278
   -451418377.7     1.26773     1.82193     1.56000     6.04710
   -448418617.0     1.26863     1.73215     1.56374     5.87811
   -446266731.1     1.26929     1.64923     1.56731     5.74434
   -444403329.7     1.26978     1.57980     1.57133     5.65630
   -442981620.5     1.27070     1.53157     1.58061     5.69923
   -441623452.1     1.27177     1.48690     1.58695     5.68680
   -438192756.4     1.27308     1.35530     1.60131     5.60376
   -437298967.3     1.27414     1.31823     1.60468     5.54516
   -433543737.7     1.27446     1.18433     1.61551     5.39400
   -428641065.6     1.27307     1.01720     1.63154     5.21699
   -426275421.3     1.27075     0.94087     1.63256     5.05466
   -423628610.1     1.26948     0.88297     1.64126     4.97332
   -417724648.4     1.26338     0.86874     1.63208     4.85199
   -413662602.4     1.25444     0.85342     1.61310     4.73538
   -410431011.6     1.25056     0.84899     1.60407     4.69925
   -405898692.9     1.24376     0.84758     1.59525     4.69718
   -401164735.7     1.23694     0.84755     1.58685     4.69900
   -396761207.3     1.23006     0.84347     1.57581     4.67750
   -392502251.1     1.22567     0.84378     1.56821     4.64095
   -385835789.4     1.21489     0.83360     1.54775     4.52704
   -379790940.9     1.20308     0.82318     1.52684     4.40468
   -373625128.9     1.18847     0.80770     1.50093     4.24783
   -369406640.1     1.17831     0.79680     1.48320     4.14477
   -365449065.2     1.16892     0.78751     1.46742     4.06114
   -362779458.0     1.16211     0.78169     1.45722     3.99831
   -359366864.0     1.15440     0.77521     1.44499     3.94402
   -355393710.2     1.14499     0.76739     1.43027     3.87463
   -350500717.8     1.14023     0.76336     1.40814     3.74720
   -347025859.9     1.13243     0.75568     1.39486     3.65950
   -343659659.4     1.12523     0.74822     1.38196     3.57420
   -340453985.4     1.11860     0.74113     1.36971     3.50229
   -337428354.0     1.11091     0.73495     1.35820     3.43438
   -335188226.7     1.10457     0.72876     1.34822     3.41610
   -331734714.2     1.09468     0.72350     1.33660     3.40846
   -328267173.0     1.08499     0.71650     1.32336     3.40286
   -325063960.0     1.07626     0.71075     1.31184     3.39888
   -321728145.3     1.06604     0.70467     1.29945     3.39655
   -318150444.5     1.05601     0.69773     1.28593     3.39473
   -314866249.8     1.04615     0.69182     1.27382     3.39363
   -310438784.3     1.03301     0.68424     1.25777     3.39184
   -306882985.6     1.02357     0.67804     1.24505     3.39349
   -303245045.4     1.01435     0.67367     1.23390     3.39628
   -300266068.5     1.00768     0.67034     1.22550     3.40164
   -297138310.7     1.00095     0.66867     1.21813     3.40923
   -294610394.0     0.99641     0.66797     1.21221     3.41433
   -292037059.7     0.99526     0.67316     1.20997     3.41805
   -288156601.7     0.99312     0.67704     1.20827     3.42373
   -284757179.7     0.97631     0.65908     1.18703     3.44743
   -281075446.0     0.96566     0.65431     1.17534     3.46225
   -275945970.9     0.95252     0.64794     1.15964     3.47721
   -272688536.4     0.94573     0.64481     1.15072     3.48743
   -270118502.2     0.94176     0.64530     1.14633     3.48077
   -268313626.3     0.94071     0.65012     1.14633     3.48077
   -264879442.6     0.93980     0.65766     1.14693     3.47901
   -261174083.4     0.92564     0.63931     1.12502     3.46480
   -258214839.6     0.91912     0.63467     1.11493     3.38148
   -255310769.7     0.91324     0.62954     1.10480     3.30344
   -252422085.6     0.90803     0.62691     1.09696     3.22654
   -250226678.7     0.90576     0.63192     1.09173     3.19075
   -246978315.8     0.90321     0.64075     1.08522     3.13245
   -243594335.9     0.89517     0.62279     1.07440     3.08654
   -240806271.8     0.88656     0.61346     1.06118     2.97502
   -238500556.8     0.88101     0.60637     1.04985     2.87956
   -237065047.1     0.87895     0.61514     1.04623     2.84186
   -232898094.7     0.87232     0.60834     1.03766     2.81782
   -229358811.8     0.86392     0.60234     1.02517     2.73144
   -225161897.2     0.85095     0.59225     1.00705     2.63646
   -219553358.2     0.83544     0.58312     0.98561     2.45412
   -215605967.9     0.82619     0.57677     0.97062     2.31501
   -213400833.0     0.82258     0.57042     0.95965     2.17430
   -211739517.3     0.81178     0.53485     0.93568     1.80181
   -207663330.1     0.79963     0.52387     0.91771     1.66146
   -203297145.0     0.78827     0.51626     0.90078     1.48934
   -200538227.8     0.78533     0.51960     0.89000     1.37373
   -198131475.2     0.78408     0.52489     0.88999     1.36424
   -193551366.7     0.76804     0.50751     0.86951     1.27648
   -189656254.0     0.75971     0.50653     0.85766     1.18175
   -192966876.3     0.75784     0.50114     0.85000     1.09489
   -198609924.8     0.75676     0.49870     0.85000     1.09489
   -197691919.5     0.75605     0.50884     0.85000     1.09489
   -199308270.7     0.74675     0.47980     0.83448     0.91865
   -199198387.8     0.74573     0.47943     0.83000     0.85223
   -201896296.2     0.74451     0.47704     0.83000     0.85223
   -201391886.3     0.74505     0.49789     0.83001     0.85223
   -201591799.5     0.74625     0.49892     0.83104     0.85132
   -204059173.8     0.74545     0.49559     0.83138     0.85103
   -226554477.1     0.80678     1.12958     0.83138     0.85103
   -230316974.2     0.81377     1.21119     0.83138     0.85103
   -230516477.5     0.81287     1.21160     0.83138     0.85103
   -230524711.3     0.81209     1.21268     0.83138     0.85103
   -229876392.4     0.81141     1.21417     0.83138     0.85103
   -231558095.4     0.81084     1.21582     0.83138     0.85103
   -231743938.4     0.81036     1.21659     0.83138     0.85103
   -232963999.1     0.80996     1.21744     0.83138     0.85103
   -231835325.0     0.80796     1.18478     0.81494     0.72085
   -231657199.3     0.80658     1.18156     0.81138     0.67747
   -231322548.5     0.80522     1.18248     0.81138     0.67747
   -231640631.1     0.80390     1.18340     0.81138     0.67747
   -232880054.0     0.80263     1.18422     0.81138     0.67747
   -233993342.3     0.80142     1.18426     0.81138     0.67747
   -234884972.4     0.80030     1.18401     0.81138     0.67747
   -235652409.8     0.79927     1.18380     0.81138     0.67747
   -235975490.0     0.79835     1.18368     0.81138     0.67747
   -235624791.6     0.79754     1.18406     0.81138     0.67747
   -235595963.6     0.79684     1.18491     0.81138     0.67747
   -235809149.4     0.79624     1.18592     0.81138     0.67747
   -236438036.4     0.79574     1.18680     0.81138     0.67747
   -237311315.6     0.79533     1.18741     0.81138     0.67747
   -238315605.0     0.79499     1.18777     0.81138     0.67747
   -238826552.2     0.79471     1.18832     0.81138     0.67747
   -238621212.1     0.79449     1.18898     0.81138     0.67747
   -238547871.4     0.79431     1.18994     0.81138     0.67747
   -238841078.7     0.79417     1.19115     0.81138     0.67747
   -239219489.6     0.79406     1.19239     0.81138     0.67747
   -240255697.3     0.79397     1.19358     0.81138     0.67747
   -241044507.6     0.79245     1.15538     0.79138     0.55085
   -242097709.5     0.79107     1.15506     0.79138     0.55085
   -242928792.6     0.78971     1.15452     0.79138     0.55085
   -243701201.4     0.78838     1.15387     0.79138     0.55085
   -244514396.4     0.78707     1.15318     0.79138     0.55046
   -245334329.2     0.78575     1.15252     0.79138     0.54893
   -246741004.8     0.78452     1.15176     0.79138     0.54740
   -246918689.6     0.78337     1.15078     0.79138     0.54565
   -246914739.2     0.78233     1.14983     0.79138     0.54417
   -248421298.3     0.78141     1.14899     0.79138     0.54308
   -250291401.3     0.78058     1.14779     0.79138     0.54174
   -251238407.8     0.77982     1.14605     0.79138     0.53971
   -252957289.7     0.77913     1.14397     0.79138     0.53762
   -255398163.2     0.77850     1.14140     0.79138     0.53523
   -257698248.6     0.77791     1.13816     0.79138     0.53219
   -260638728.4     0.77734     1.13413     0.79138     0.52840
   -262019992.6     0.77678     1.12940     0.79138     0.52368
   -264225640.1     0.77623     1.12483     0.79138     0.51827
   -264609066.2     0.77569     1.12116     0.79138     0.51117
   -265349649.3     0.77520     1.11868     0.79138     0.50229
   -266099611.0     0.77477     1.11708     0.79138     0.49240
   -266735784.3     0.77441     1.11602     0.79138     0.48256
   -267979995.3     0.77409     1.12725     0.80230     0.95603
   -269971273.1     0.77399     1.14898     0.81539     1.51895
   -271033774.2     0.77415     1.15932     0.82900     2.09228
   -272671934.3     0.77627     1.17635     0.84071     2.48141
   -274508059.5     0.77917     1.17964     0.84980     2.70956
   -276688090.3     0.78283     1.18932     0.85538     2.75864
   -277784985.7     0.78652     1.18408     0.85761     2.66889
   -278853722.4     0.79022     1.18288     0.86274     2.69449
   -282104695.6     0.79392     1.18708     0.87163     2.86356
   -284167499.5     0.79814     1.19588     0.87600     2.83725
   -287539547.0     0.80228     1.19267     0.87982     2.78835
   -290160406.7     0.80678     1.19472     0.88835     2.90154
   -291406199.3     0.81241     1.20578     0.89635     2.94484
   -293850204.5     0.81757     1.20299     0.90200     2.92050
   -296232839.9     0.82278     1.21650     0.91138     3.02839
   -299205433.4     0.82838     1.21435     0.91785     3.01872
   -301098482.5     0.83344     1.21355     0.92514     3.05596
   -303762688.0     0.83945     1.22726     0.93564     3.16904
   -307338146.0     0.84485     1.22276     0.94022     3.09452
   -309984934.7     0.85035     1.22572     0.95086     3.22688
   -310007354.3     0.85675     1.23380     0.95753     3.18719
   -310858436.8     0.86229     1.23306     0.96551     3.22653
   -312827435.9     0.86849     1.24689     0.97586     3.32310
   -312163060.9     0.87338     1.24336     0.98021     3.26712
   -312040577.3     0.87785     1.24607     0.98875     3.36985
   -311928588.8     0.88264     1.25844     0.99567     3.40838
   -312633868.9     0.88602     1.25563     0.99812     3.35283
   -313541128.0     0.88876     1.25584     1.00236     3.38319
   -313170786.6     0.89126     1.25860     1.00816     3.47286
   -315056214.7     0.89387     1.27367     1.01490     3.58958
   -316024090.2     0.89651     1.26993     1.01509     3.49200
   -318472709.1     0.89858     1.26702     1.01590     3.43457
   -319990384.6     0.90060     1.26508     1.01768     3.41132
   -322042360.8     0.90286     1.26437     1.02073     3.41913
   -326134005.0     0.90547     1.26529     1.02536     3.46287
   -328809419.9     0.90859     1.26808     1.03198     3.54473
   -331778526.9     0.91272     1.27661     1.03551     3.49356
   -332686360.8     0.91654     1.27207     1.03789     3.41216
   -335808618.0     0.92067     1.27150     1.04395     3.43863
   -338199415.1     0.92555     1.28765     1.05504     3.59479
   -339160263.5     0.93059     1.28239     1.05795     3.48970
   -340849118.3     0.93514     1.28189     1.06472     3.52277
   -340386526.2     0.94048     1.29696     1.07526     3.64357
   -341629884.1     0.94527     1.29242     1.07834     3.55668
   -343333366.4     0.94943     1.29286     1.08488     3.59921
   -346557055.6     0.95425     1.30905     1.09503     3.72660
   -348733570.6     0.95866     1.30421     1.09690     3.62038
   -351475243.2     0.96219     1.30170     1.10078     3.60243
   -352467376.0     0.96605     1.30340     1.10818     3.67552
   -354599583.7     0.97098     1.31553     1.11554     3.71222
   -357067127.4     0.97512     1.31122     1.11840     3.64272
   -359222957.7     0.97917     1.31115     1.12477     3.67899
   -359853951.6     0.98408     1.32664     1.13508     3.79911
   -362138782.5     0.98877     1.32153     1.13754     3.70113
   -363533972.6     0.99289     1.32040     1.14316     3.71384
   -363927011.1     0.99752     1.32525     1.15334     3.83503
   -364568799.7     1.00261     1.33251     1.15686     3.76004
   -365578387.1     1.00655     1.33062     1.16128     3.74603
   -367258614.9     1.01083     1.33381     1.16937     3.82316
   -368780232.4     1.01597     1.34574     1.17572     3.82639
   -371084207.4     1.01964     1.34209     1.17794     3.76108
   -371937573.3     1.02290     1.34109     1.18225     3.76701
   -374693797.2     1.02629     1.34358     1.18928     3.84145
   -375795619.5     1.03053     1.35537     1.19534     3.86360
   -376838068.4     1.03404     1.35112     1.19717     3.79186
   -378757863.2     1.03734     1.34961     1.20125     3.78889
   -381860979.6     1.04085     1.35203     1.20841     3.86224
   -384243094.1     1.04534     1.36470     1.21538     3.89935
   -385926400.6     1.04897     1.36026     1.21738     3.82786
   -387309444.2     1.05250     1.35865     1.22187     3.82677
   -390094596.5     1.05643     1.36154     1.22997     3.90761
   -392264247.5     1.06127     1.37204     1.23583     3.90330
   -393956747.8     1.06515     1.36814     1.23888     3.85267
   -396633674.3     1.06911     1.36847     1.24542     3.89137
   -399444447.0     1.07401     1.38339     1.25515     3.98363
   -401880028.5     1.07853     1.37825     1.25758     3.89763
   -404415308.2     1.08268     1.37681     1.26318     3.90465
   -406294971.7     1.08742     1.38979     1.27138     3.95736
   -407685835.5     1.09267     1.38773     1.27718     3.93879
   -408814735.8     1.09710     1.38585     1.28277     3.93729
   -410533924.9     1.10203     1.39920     1.29138     3.99505
   -412296101.8     1.10738     1.39749     1.29733     3.97891
   -414118451.5     1.11166     1.39603     1.30292     3.98332
   -415218193.2     1.11656     1.40087     1.31329     4.08464
   -417122477.3     1.12179     1.40801     1.31695     4.01668
   -418787473.8     1.12579     1.40584     1.32155     4.00540
   -420557757.5     1.13014     1.40906     1.33030     4.08326
   -422312365.6     1.13550     1.41930     1.33611     4.06368
   -425301198.4     1.13935     1.41578     1.33937     4.02373
   -427850630.3     1.14322     1.41650     1.34604     4.06549
   -430784423.8     1.14819     1.43096     1.35524     4.13493
   -432671344.4     1.15246     1.42586     1.35747     4.05716
   -433994502.5     1.15644     1.42417     1.36261     4.05704
   -435917530.3     1.16090     1.42809     1.37220     4.14632
   -437584711.7     1.16604     1.43600     1.37663     4.10029
   -439644344.4     1.17020     1.43338     1.38120     4.08246
   -440239355.2     1.17467     1.43653     1.39027     4.16003
   -443906856.3     1.18004     1.44654     1.39627     4.14417
   -445827924.3     1.18414     1.44331     1.40019     4.11431
   -445707939.5     1.18842     1.44520     1.40821     4.17162
   -448842769.7     1.19386     1.45735     1.41577     4.18893
   -448338367.6     1.19796     1.45330     1.41886     4.14012
   -454539991.7     1.20199     1.45379     1.42551     4.17452
   -457030720.9     1.20738     1.46882     1.43528     4.24217
   -455999175.5     1.21175     1.46371     1.43756     4.16697
   -458956261.0     1.21570     1.46208     1.44265     4.16645
   -460167352.5     1.22007     1.46590     1.45202     4.24834
   -461081728.6     1.22513     1.47412     1.45649     4.20784
   -463412670.8     1.22917     1.47144     1.46072     4.18731
   -464801039.3     1.23342     1.47408     1.46909     4.25160
   -467621931.6     1.23887     1.48557     1.47595     4.25314
   -470454845.1     1.24277     1.48173     1.47906     4.21195
   -473687911.8     1.24668     1.48210     1.48558     4.24398
   -475473383.7     1.25174     1.49695     1.49519     4.31186
   -476111203.3     1.25612     1.49173     1.49738     4.23763
   -478257162.8     1.26011     1.48998     1.50244     4.23524
   -482087692.8     1.26452     1.49386     1.51190     4.31439
   -482114165.9     1.26966     1.50209     1.51653     4.27616
   -483887101.3     1.27375     1.49925     1.52085     4.25565
   -482760330.6     1.27812     1.50192     1.52945     4.31814
   -481704383.2     1.28351     1.51290     1.53606     4.31518
   -482478625.9     1.28758     1.50974     1.53964     4.28118
   -484957845.4     1.29191     1.51178     1.54711     4.32236
   -486193073.4     1.29883     1.52629     1.55589     4.32883
   -488543909.7     1.30375     1.52283     1.55848     4.25609
   -489990631.8     1.30752     1.52175     1.56277     4.24667
   -492747494.0     1.31116     1.52405     1.56964     4.29186
   -494296191.7     1.31534     1.53541     1.57527     4.30054
   -496453540.4     1.31867     1.53103     1.57686     4.24565
   -499196408.3     1.32178     1.52905     1.58043     4.23658
   -501746293.3     1.32506     1.53046     1.58674     4.27851
   -504289710.0     1.32905     1.54491     1.59503     4.34285
   -506952543.9     1.33292     1.54003     1.59658     4.27357
   -509780419.7     1.33632     1.53741     1.60014     4.25507
   -512138367.2     1.34001     1.53865     1.60690     4.29367
   -514767542.7     1.34466     1.55236     1.61524     4.34110
   -515677119.9     1.34876     1.54743     1.61741     4.27816
   -517116884.8     1.35262     1.54581     1.62240     4.27784
   -520743803.3     1.35694     1.54953     1.63162     4.34818
   -524870775.3     1.36201     1.55809     1.63640     4.31688
   -528117833.3     1.36607     1.55490     1.64049     4.29321
   -528534783.4     1.37043     1.55689     1.64878     4.34360
   -530200997.5     1.37587     1.56800     1.65593     4.34826
   -531603219.7     1.38019     1.56392     1.65955     4.30957
   -534348599.4     1.38465     1.56522     1.66749     4.35154
   -534824409.5     1.39021     1.57763     1.67581     4.37621
   -537829865.6     1.39468     1.57356     1.67945     4.33610
   -540951903.5     1.39913     1.57492     1.68738     4.37795
   -542702673.2     1.40482     1.58756     1.69578     4.40127
   -542897842.7     1.40918     1.58326     1.69917     4.35864
   -544824234.6     1.41350     1.58402     1.70653     4.39187
   -545888876.3     1.41906     1.59762     1.71555     4.42917
   -547935053.3     1.42347     1.59312     1.71858     4.38000
   -550561551.4     1.42769     1.59331     1.72532     4.40434
   -552166859.6     1.43312     1.60833     1.73529     4.46182
   -553778396.2     1.43766     1.60349     1.73786     4.40222
   -555214211.4     1.44167     1.60250     1.74347     4.41042
   -556823458.4     1.44626     1.60722     1.75349     4.48356
   -558330503.7     1.45136     1.61416     1.75683     4.42904
   -560689116.8     1.45527     1.61180     1.76119     4.41647
   -563414837.9     1.45941     1.61455     1.76952     4.47023
   -564269268.5     1.46476     1.62553     1.77595     4.46505
   -565262561.2     1.46865     1.62173     1.77905     4.43020
   -567631139.4     1.47253     1.62223     1.78552     4.45620
   -568874416.5     1.47744     1.63743     1.79515     4.51654
   -570908618.9     1.48177     1.63256     1.79726     4.45551
   -570431756.3     1.48553     1.63089     1.80195     4.45269
   -572282825.0     1.48962     1.63425     1.81047     4.50923
   -575568324.2     1.49479     1.64457     1.81602     4.49315
   -576579098.5     1.49848     1.64107     1.81904     4.46241
   -577137930.0     1.50219     1.64156     1.82521     4.48701
   -578916959.6     1.50700     1.65749     1.83504     4.55183
   -581247331.6     1.51139     1.65272     1.83683     4.48599
   -583499509.3     1.51488     1.65043     1.84062     4.47328
   -584923553.4     1.51852     1.65223     1.84761     4.51277
   -583317708.7     1.52353     1.66570     1.85541     4.53836
   -581785156.6     1.52724     1.66136     1.85735     4.48915
   -579837041.8     1.53067     1.66010     1.86163     4.48662
   -581387019.6     1.53433     1.66326     1.86914     4.53408
   -580026539.6     1.53970     1.67602     1.87577     4.53325
   -578053027.7     1.54411     1.67320     1.87821     4.48050
   -579919813.0     1.54922     1.67372     1.88306     4.45551
   -582374781.6     1.55586     1.67789     1.89062     4.44481
   -584705754.9     1.56391     1.69063     1.89649     4.38104
   -586662613.0     1.57003     1.68825     1.89853     4.29022
   -588726944.1     1.57386     1.68602     1.90044     4.24237
   -590643849.7     1.57620     1.68464     1.90289     4.23336
   -592283045.1     1.57824     1.68477     1.90652     4.24986
   -591619095.8     1.58038     1.68660     1.91149     4.28566
   -590740687.0     1.58304     1.69327     1.91138     4.22711
   -593034615.9     1.58547     1.69273     1.91490     4.23427
   -593930829.7     1.58768     1.68983     1.91610     4.20587
   -594503139.5     1.58987     1.68886     1.91890     4.20580
   -597134663.3     1.59217     1.68998     1.92334     4.23154
   -597027523.8     1.59461     1.69304     1.92932     4.27882
   -598099317.0     1.59754     1.70630     1.93496     4.31199
   -596817217.7     1.60028     1.70270     1.93565     4.26574
   -596314340.4     1.60260     1.70039     1.93729     4.24342
   -596937528.8     1.60485     1.70004     1.94040     4.24745
   -597466603.2     1.60718     1.70180     1.94510     4.27635
   -598322479.5     1.60964     1.70550     1.95126     4.32531
   -598316601.9     1.61271     1.71679     1.95504     4.32580
   -597882857.0     1.61545     1.71382     1.95590     4.28311
   -597165060.4     1.61810     1.71229     1.95785     4.26045
   -594424041.6     1.62089     1.71263     1.96113     4.25787
   -593073525.0     1.62365     1.71481     1.96558     4.27461
   -592055363.2     1.62654     1.71861     1.97106     4.30451
   -591046969.1     1.63047     1.73148     1.97517     4.29505
   -589824676.8     1.63383     1.72951     1.97575     4.23739
   -588477142.8     1.63642     1.72817     1.97662     4.19936
   -587812751.9     1.63852     1.72779     1.97810     4.18111
   -586733673.1     1.64036     1.72847     1.98029     4.17964
   -585731878.8     1.64209     1.73013     1.98311     4.19097
   -585633687.5     1.64365     1.73257     1.98641     4.21308
   -585081521.4     1.64508     1.73559     1.99005     4.24242
   -583856270.5     1.64652     1.74711     1.99138     4.23413
   -580394048.8     1.64997     1.66100     2.00434     4.24021
   -575910927.1     1.65380     1.45906     2.01939     4.04329
   -569675610.8     1.65138     1.20220     2.03543     3.82242
   -564846755.2     1.64741     1.05309     2.04578     3.66402
   -558776318.2     1.63756     1.02164     2.02592     3.50606
   -555906043.5     1.63163     1.00898     2.01174     3.40735
   -553354636.4     1.62846     1.00085     2.00131     3.34460
   -550369198.4     1.62369     0.99709     1.99367     3.32465
   -548081204.9     1.61986     0.99433     1.98823     3.30741
   -546965180.3     1.61657     0.99046     1.98252     3.29045
   -548166668.9     1.61532     0.98405     1.97648     3.23427
   -550865426.5     1.61439     0.98343     1.97648     3.23365
   -548686567.5     1.61393     0.98232     1.97648     3.22095
   -546686464.1     1.61378     0.98170     1.97566     3.20154
   -543523406.0     1.61235     0.98143     1.97112     3.21446
   -540354034.0     1.60870     0.98613     1.97006     3.23607
   -538040701.0     1.60511     0.98639     1.96655     3.24194
   -535316020.6     1.60049     0.98495     1.96107     3.25738
   -534185683.5     1.59715     0.98342     1.95727     3.25595
   -533385691.2     1.59614     0.96992     1.94548     3.12102
   -535207805.6     1.59526     0.97039     1.94548     3.12084
   -532345715.0     1.59401     0.96974     1.94368     3.12392
   -529089499.3     1.58924     0.97809     1.94550     3.22914
   -525507120.2     1.58197     0.97893     1.94019     3.27665
   -522919958.9     1.57486     0.97805     1.93389     3.29322
   -520574826.5     1.57149     0.97401     1.92780     3.27978
   -517585977.7     1.56570     0.97288     1.92196     3.29642
   -514570273.8     1.55931     0.97261     1.91663     3.31511
   -512010110.3     1.55387     0.96945     1.90939     3.32035
   -507253562.9     1.54383     0.96811     1.89983     3.33365
   -501531258.3     1.53552     0.96988     1.88209     3.33577
   -496703298.1     1.52644     0.96312     1.86760     3.34652
   -492629587.8     1.51718     0.95982     1.85742     3.35087
   -488895329.0     1.50870     0.95447     1.84617     3.35553
   -485947067.5     1.50224     0.95241     1.83934     3.36052
   -483563599.6     1.49675     0.94924     1.83227     3.36483
   -481125938.5     1.49213     0.94685     1.82657     3.37060
   -479066803.7     1.48664     0.94508     1.82095     3.37511
   -475365812.7     1.47948     0.94040     1.81070     3.38371
   -470416049.0     1.46774     0.93581     1.79776     3.39030
   -466364537.3     1.45856     0.93028     1.78576     3.39585
   -461695005.2     1.44790     0.92496     1.77242     3.40351
   -456513038.2     1.43579     0.91964     1.75833     3.40824
   -451239271.6     1.42361     0.91278     1.74261     3.41151
   -446016442.1     1.41157     0.90604     1.72704     3.41238
   -441550513.0     1.40160     0.90183     1.71517     3.41180
   -436676336.2     1.39085     0.89617     1.70139     3.41075
   -431671192.2     1.37969     0.88973     1.68653     3.40231
   -427127932.0     1.37011     0.88542     1.67435     3.38946
   -422918496.7     1.36159     0.88103     1.66294     3.37573
   -419974165.3     1.35545     0.87902     1.65572     3.36242
   -415986282.6     1.34787     0.87478     1.64470     3.35703
   -412401576.4     1.34046     0.87216     1.63561     3.34737
   -410542293.5     1.33351     0.86738     1.62630     3.33795
   -407218453.4     1.32833     0.86654     1.62033     3.33968
   -403047073.7     1.32016     0.86207     1.60860     3.33552
   -399710647.0     1.31357     0.86068     1.60119     3.33367
   -397867262.6     1.30682     0.85701     1.59224     3.33233
   -397076789.5     1.30466     0.85581     1.59014     3.33517
   -393102401.3     1.29862     0.85454     1.58250     3.34464
   -389390998.5     1.28955     0.85186     1.57239     3.36227
   -384420172.3     1.27980     0.84877     1.56093     3.36498
   -378192160.4     1.26601     0.83953     1.54071     3.32990
   -370912688.8     1.24816     0.83285     1.52049     3.35193
   -362242504.4     1.22719     0.82026     1.49242     3.35070
   -355180133.8     1.21079     0.81006     1.46954     3.30541
   -349712074.4     1.19715     0.80368     1.45278     3.30326
   -344787388.1     1.18536     0.79914     1.43932     3.30778
   -339433416.3     1.17327     0.79281     1.42321     3.30471
   -332769975.2     1.15790     0.78471     1.40301     3.25839
   -327102631.0     1.14549     0.77622     1.38415     3.18145
   -324098070.4     1.13919     0.77280     1.37517     3.12140
   -321740891.9     1.13394     0.76852     1.36664     3.07225
   -319059132.4     1.12843     0.76568     1.35873     3.01858
   -314286621.5     1.11881     0.75715     1.34139     2.92401
   -305472421.8     1.09964     0.74246     1.31033     2.78439
   -295881907.2     1.07413     0.72570     1.27538     2.64823
   -291488965.5     1.06174     0.71551     1.25750     2.57687
   -285121450.1     1.04417     0.70151     1.23190     2.49173
   -277154897.8     1.01867     0.68277     1.19811     2.37707
   -269072395.1     0.99201     0.66082     1.16130     2.24968
   -262200561.9     0.96927     0.63916     1.12754     2.11908
   -259134332.7     0.95876     0.63097     1.11388     2.06751
   -256427849.7     0.94995     0.62389     1.10204     2.02015
   -253779622.8     0.94218     0.61705     1.09057     1.97761
   -250661656.3     0.93127     0.60937     1.07695     1.91429
   -247984907.7     0.92371     0.60491     1.06732     1.88744
   -244907460.9     0.91431     0.60030     1.05618     1.84890
   -242193450.0     0.90520     0.59575     1.04568     1.80341
   -243591419.2     0.89897     0.58694     1.03674     1.76909
   -250440838.7     0.89534     0.57339     1.03146     1.75560
   -253217105.8     0.89366     0.56334     1.02632     1.69819
   -254383660.4     0.89153     0.56250     1.02478     1.70101
   -254813765.1     0.88976     0.56129     1.02379     1.70283
   -255063709.3     0.88795     0.56115     1.02258     1.70505
   -255770685.6     0.88672     0.56124     1.02249     1.70522
   -253643612.7     0.88324     0.56044     1.01701     1.71518
   -250540641.1     0.86575     0.54010     1.00393     1.67537
   -255877628.0     0.86224     0.53799     1.00160     1.70762
   -260357832.0     0.86088     0.51205     0.98320     1.48542
   -258320596.4     0.85957     0.50993     0.98320     1.48542
   -257389169.2     0.85747     0.50988     0.98151     1.48824
   -257765217.7     0.85623     0.51026     0.98151     1.48824
   -259180268.6     0.85500     0.51063     0.98132     1.48855
   -262894626.0     0.85392     0.50910     0.98132     1.48855
   -263878009.0     0.85294     0.50790     0.98132     1.48855
   -271608980.4     0.85208     0.50601     0.98132     1.48855
   -277720897.1     0.85113     0.50190     0.98132     1.47888
   -288719871.6     0.85015     0.49689     0.98132     1.46466
   -284316482.0     0.84915     0.49025     0.98132     1.44763
   -282848318.9     0.84827     0.48525     0.98132     1.43715
   -284998008.4     0.84752     0.48072     0.98132     1.43056
   -293925036.5     0.84685     0.47542     0.98132     1.42465
   -303142219.5     0.84618     0.46883     0.98132     1.41201
   -311839213.1     0.84547     0.46092     0.98132     1.38755
   -310791887.6     0.84483     0.48543     1.00132     1.98859
   -318375611.1     0.84748     0.50724     1.02939     2.82188
   -311294582.3     0.85746     0.52124     1.04860     3.05575
   -318288674.1     0.86594     0.53803     1.06493     3.24758
   -317650545.5     0.87258     0.53214     1.06992     3.15157
   -317412407.0     0.87894     0.53607     1.08218     3.28583
   -325045212.3     0.88506     0.54408     1.08802     3.24067
   -332707380.0     0.88991     0.54307     1.09533     3.28001
   -340319800.7     0.89643     0.55459     1.10581     3.34735
   -347045071.9     0.90384     0.54847     1.11344     3.28920
   -353074284.7     0.91375     0.55893     1.12807     3.35412
   -349006717.1     0.92395     0.57216     1.14549     3.48982
   -348903573.8     0.93371     0.56940     1.15770     3.49270
   -355762274.3     0.94308     0.57951     1.16954     3.50332
   -347130729.7     0.95090     0.59533     1.18488     3.65973
   -344391932.1     0.95870     0.59119     1.19085     3.56081
