   0.00000000
   3.59909835
   3.64920763
   3.56828588
   3.67967027
   3.47267355
   3.47981347
   3.52753589
   3.51430393
   3.98290665
   3.39762902
   3.10182384
   3.11583137
   3.03937764
   3.12021855
   3.11488575
   3.07928931
   2.98932856
   3.08424329
   3.06886932
   2.99352821
   2.93514340
   2.73050345
   2.78488518
   2.59624644
   2.51278434
   2.71046458
   2.65665174
   2.52908964
   2.70628456
   2.72175137
   2.60046864
   2.82310860
   2.34964344
   2.32411214
   2.31647105
   2.04388902
   2.38598629
   2.04158134
   2.32908350
   2.17131306
   2.22145222
   2.34244964
   2.14306350
   2.41116020
   2.08187325
   2.40431804
   2.06651956
   2.36179055
   2.16048287
   2.20434435
   2.26557112
   2.02927004
   2.36918985
   2.02603174
   2.24736860
   2.15901226
   2.02168229
   2.37112910
   2.03611997
   2.31506901
   2.09942066
   1.98253217
   2.32509257
   2.05400556
   2.11066397
   2.12163068
   1.82702369
   1.74321333
   2.00996324
   2.00774475
   1.79833409
   1.93033854
   2.10555390
   1.81612349
   1.90861635
   2.11790306
   1.82490018
   1.84978522
   2.18494659
   1.86907443
   1.83845196
   2.17372820
   1.84344096
   1.76487216
   2.09769817
   1.86184245
   1.73218653
   1.89187730
   2.00756793
   1.76627397
   1.73897065
   2.11064392
   1.83060990
   1.67979289
   1.61005165
   1.84851875
   1.76215366
   1.56728605
   1.46697074
   1.41758705
   1.37256654
   1.58834495
   1.54052957
   1.36025622
   1.26166171
   1.24143257
   1.22680460
   1.25539209
   1.53492402
   1.51084052
   1.29185585
   1.20401401
   1.17434084
   1.18067228
   1.21271229
   1.49539688
   1.46658731
   1.27123581
   1.17058276
   1.12268817
   1.10456629
   1.11563965
   1.12730105
   1.37441876
   1.31939771
   1.09352332
   1.05516469
   0.95930253
   0.96925038
   0.97634206
   0.94760486
   0.89276604
   0.98313453
   1.22731538
   0.99215932
   0.86522037
   0.71137178
   0.58567865
   0.55482399
   0.59262844
   0.64876867
   0.63133046
   0.59120515
   0.57123477
   0.54570903
   0.55380268
   0.56670314
   0.57725887
   0.58664503
   0.59489024
   0.60152040
   0.60592222
   0.60760634
   0.60634570
   0.81447781
   1.12016306
   0.79673683
   0.65925724
   0.09690090
   0.00000000
   0.08702344
   0.48183479
   0.88554967
   1.37448168
   1.54865065
   1.67521437
   3.44732477
   1.88800679
   1.61706637
   1.85042119
   2.23336376
   0.55859666
   0.99585149
   0.95243388
   0.79490941
   0.55299016
   0.76345428
   0.80125247
   1.02701137
   0.66764289
   0.56637961
   0.29966408
   0.34611618
   0.47055900
   0.00217741
   0.42386032
   0.40482888
   0.39481331
   0.52880618
   0.48647804
   0.81725921
   0.86847404
   0.73838074
   0.80331087
   0.75131634
   0.70747830
   0.93482101
   0.58512307
   0.54692570
   0.32733944
   0.31131643
   0.18825264
   0.00000000
   0.00000000
   0.86784565
   0.51197757
   0.65885793
   0.26737490
   0.08023834
   0.00000000
   0.00000000
   0.35596075
   0.00000000
   0.00000000
   0.00000000
   0.00000000
   0.00000000
   0.03103274
   0.08069835
   0.00000000
   0.00000000
   0.01851424
   0.15007649
   0.18118945
   0.14807895
   0.01370767
   0.00000000
   0.00000000
   0.00000000
   0.00000000
   0.00000000
   0.00000000
   0.00000000
   0.00000000
   0.00000000
   0.00000000
   0.00000000
   0.00000000
   0.00000000
   0.00000000
   0.00000000
   0.00000000
   0.00000000
   0.00000000
   0.00000000
   0.00000000
   0.00000000
   0.00000000
   0.00000000
   0.00000000
   0.00000000
   0.00000000
   0.00000000
   0.00000000
   0.00000000
   0.00000000
   0.00000000
   0.00000000
   0.00000000
   0.00000000
   0.00000000
   0.00000000
   0.00000000
   0.00000000
   0.00000000
   0.00000000
   0.00000000
   0.00000000
   0.00000000
   0.00000000
   0.00000000
   0.00000000
   0.00000000
   0.00000000
   0.00000000
   0.00000000
   0.00000000
   0.00000000
   0.00000000
   0.00000000
   0.00000000
   0.00000000
   0.00000000
   0.00000000
   0.00000000
   0.00000000
   0.00000000
   0.00000000
   0.00000000
   0.00000000
   0.00000000
   0.00000000
   0.00000000
   0.00000000
   0.00000000
   0.00000000
   0.11817539
   1.31107131
   1.74075122
   2.25518287
   2.11613826
   1.88770942
   1.78161789
   2.09322324
   1.86439412
   1.77936136
   2.19456944
   1.99121730
   1.95924722
   2.26950178
   1.94545659
   2.22888531
   2.11540965
   1.99160010
   2.36152024
   2.02318034
   2.27085899
   2.01960416
   1.82311337
   2.08838600
   1.75882962
   1.51198522
   1.41205768
   1.50759429
   1.66278225
   1.36896554
   1.27076122
   1.28554985
   1.36101867
   1.47087854
   1.91714766
   1.78388675
   1.72047983
   1.89934966
   2.09464535
   1.84294702
   2.06781442
   2.06096641
   1.79504187
   1.90078399
   1.97896818
   1.73052286
   1.71759582
   2.06806591
   1.90813833
   1.75592047
   1.94676658
   2.05365325
   1.80117594
   1.83703117
   2.13323167
   1.79151784
   1.71466471
   2.01113013
   1.76997629
   1.61990884
   1.60278177
   1.93728726
   1.79237463
   1.63532051
   1.61248246
   1.93448217
   1.81367185
   1.68026618
   1.69376413
   2.06145968
   1.83116401
   1.73293118
   1.96081089
   2.01599785
   1.80533636
   1.87167520
   2.18676106
   1.86914803
   1.90780708
   2.19204791
   1.84660079
   1.86765235
   2.15368699
   1.82127426
   1.77925885
   2.11562987
   1.83579984
   1.72714662
   1.97162838
   1.97247489
   1.78238317
   1.81417030
   2.15976364
   1.84513054
   1.80767351
   2.15820797
   1.86429558
   1.77993296
   2.11165329
   1.90653399
   1.76209409
   1.98431438
   1.98584704
   1.78726879
   1.80584050
   2.14717097
   1.82946968
   1.76609040
   2.10634122
   1.85855747
   1.74042462
   1.96212004
   1.99811943
   1.79130299
   1.80757885
   2.15261153
   1.84035054
   1.79009129
   2.14184631
   1.87388552
   1.76051892
   2.03804441
   1.87789141
   1.67928166
   1.62805502
   1.92977111
   1.78377416
   1.60740846
   1.57866740
   1.80037810
   1.89302768
   1.67432213
   1.64874964
   1.92919200
   1.92062135
   1.74615600
   1.77497006
   2.13371668
   1.83968463
   1.78832184
   2.14730084
   1.92633903
   1.82078547
   2.16116530
   1.95712915
   1.82134415
   2.14856580
   1.94935261
   1.81096389
   2.10964733
   1.97505176
   1.80190958
   2.02757324
   2.00386020
   1.78949333
   1.83347166
   2.12908811
   1.80456138
   1.75629360
   2.10363785
   1.84851381
   1.73227821
   1.93833393
   1.97885391
   1.75105348
   1.73564458
   2.07796929
   1.80645630
   1.69404731
   1.85005618
   1.97713067
   1.72037137
   1.66105404
   1.95569047
   1.84779481
   1.67881736
   1.65168695
   1.98510742
   1.78412884
   1.63726467
   1.59127051
   1.89943807
   1.70670780
   1.50382399
   1.40452097
   1.37290967
   1.37237797
   1.64214984
   1.52122426
   1.37269694
   1.30382403
   1.30380993
   1.33515845
   1.59415457
   1.61071989
   1.39310712
   1.31763863
   1.31327215
   1.33725505
   1.68623802
   1.50363751
   1.33513946
   1.27828845
   1.26198632
   1.27054271
   1.58668893
   1.46683239
   1.26113306
   1.14027823
   1.07563027
   1.04306167
   1.02128724
   1.00242035
   1.04600035
   2.52112377
   4.39469222
   3.77403391
   2.24862181
   2.40717898
   1.38309630
   0.51204190
   0.69628848
   0.46522733
   0.32056731
   0.00045990
   0.00000000
   0.10968539
   0.18489397
   0.28092799
   0.78459399
   0.45457701
   0.47843859
   0.30048404
   0.00000000
   0.00000000
   0.00000000
   0.37596517
   0.79222047
   0.74073528
   0.22485836
   0.48832728
   0.57801401
   0.43805281
   0.84876929
   0.60353692
   0.63075067
   0.75138353
   0.64785690
   0.43697881
   0.34509721
   0.22611333
   0.33247585
   0.40966271
   0.81711748
   0.59241311
   0.66054059
   0.76492730
   0.73242023
   0.69366415
   0.51638465
   0.48799161
   0.52824151
   0.46280418
   0.42263004
   0.32275194
   0.30702817
   0.34408306
   0.32238498
   0.15611997
   0.32043822
   0.24403629
   0.24466460
   0.00989918
   0.09573414
   0.32081576
   0.30803850
   0.42444615
   0.60465561
   0.79123709
   0.41454505
   0.40435450
   0.37624532
   0.29214581
   0.32019034
   0.06238054
   0.00000000
   0.00000000
   0.00000000
   0.00000000
   0.02712973
   0.33524546
   0.12931449
   0.26100043
   0.51160083
   0.59831871
   0.52987021
   0.17091576
   0.10631653
   0.06238377
   0.00613072
   0.01034455
   0.10156174
   0.08970758
   0.01866097
   0.01619009
   0.00000000
   0.00000000
   0.00000000
   0.00000000
   0.00000000
   0.00000000
   0.06691647
   0.02363346
   0.00000000
   0.00000000
   0.00000000
   0.00000000
   0.00000000
   0.00000000
   0.00000000
   0.00000000
   0.00000000
   0.00000000
   0.00000000
   0.00000000
   0.00000000
   0.00000000
   0.00000000
   0.00000000
   0.00000000
   0.84055883
   2.85993547
   2.55978335
   2.40320844
   2.13647909
   2.33645075
   1.90843927
   2.29751694
   2.32200872
   2.65710772
   2.61039308
   2.58304917
   2.66255795
   2.34759966
   2.46342553
