 0.000000    0.00000    0.000            NaN
 0.000567    0.02348   -4.851      -0.879800
 0.000599    0.01480   -3.549      -0.202564
 0.000575    0.01149   -3.211      -0.103492
 0.000548    0.00970   -3.053      -0.065615
 0.000544    0.00865   -2.934      -0.045990
 0.000520    0.00783   -2.874      -0.034775
 0.000528    0.00742   -2.810      -0.027557
 0.000508    0.00676   -2.761      -0.022304
 0.000496    0.00635   -2.727      -0.018632
 0.000489    0.00604   -2.697      -0.015871
 0.000484    0.00579   -2.671      -0.013731
 0.000479    0.00556   -2.648      -0.012033
 0.000474    0.00535   -2.629      -0.010658
 0.000465    0.00513   -2.612      -0.009524
 0.000447    0.00482   -2.594      -0.008571
 0.000451    0.00472   -2.574      -0.007689
 0.000459    0.00470   -2.562      -0.007093
 0.000457    0.00464   -2.554      -0.006518
 0.000437    0.00439   -2.547      -0.006001
 0.000424    0.00412   -2.526      -0.005476
 0.000449    0.00429   -2.518      -0.005158
 0.000437    0.00420   -2.519      -0.004816
 0.000407    0.00379   -2.501      -0.004432
 0.000440    0.00403   -2.491      -0.004215
 0.000426    0.00394   -2.497      -0.003972
 0.000400    0.00356   -2.475      -0.003677
 0.000436    0.00387   -2.474      -0.003536
 0.000393    0.00351   -2.476      -0.003298
 0.000421    0.00360   -2.453      -0.003163
 0.000416    0.00366   -2.467      -0.003020
 0.000387    0.00325   -2.443      -0.002816
 0.000424    0.00361   -2.450      -0.002741
 0.000375    0.00314   -2.440      -0.002564
 0.000422    0.00349   -2.435      -0.002499
 0.000371    0.00309   -2.437      -0.002351
 0.000416    0.00335   -2.422      -0.002289
 0.000370    0.00305   -2.432      -0.002165
 0.000410    0.00324   -2.411      -0.002107
 0.000368    0.00300   -2.426      -0.002001
 0.000406    0.00315   -2.403      -0.001949
 0.000363    0.00292   -2.418      -0.001855
 0.000404    0.00310   -2.397      -0.001813
 0.000357    0.00282   -2.409      -0.001724
 0.000404    0.00307   -2.394      -0.001693
 0.000351    0.00271   -2.399      -0.001606
 0.000403    0.00307   -2.393      -0.001587
 0.000347    0.00261   -2.386      -0.001501
 0.000400    0.00305   -2.395      -0.001492
 0.000348    0.00254   -2.372      -0.001407
 0.000388    0.00299   -2.399      -0.001405
 0.000357    0.00253   -2.359      -0.001324
 0.000359    0.00274   -2.392      -0.001321
 0.000380    0.00270   -2.362      -0.001255
 0.000338    0.00248   -2.375      -0.001219
 0.000392    0.00286   -2.374      -0.001215
 0.000336    0.00237   -2.356      -0.001150
 0.000379    0.00283   -2.385      -0.001155
 0.000351    0.00238   -2.340      -0.001090
 0.000336    0.00245   -2.371      -0.001070
 0.000385    0.00270   -2.357      -0.001064
 0.000328    0.00228   -2.349      -0.001011
 0.000377    0.00276   -2.374      -0.001019
 0.000343    0.00226   -2.329      -0.000962
 0.000329    0.00235   -2.360      -0.000946
 0.000381    0.00264   -2.351      -0.000944
 0.000324    0.00218   -2.335      -0.000896
 0.000362    0.00262   -2.370      -0.000907
 0.000348    0.00225   -2.321      -0.000858
 0.000319    0.00218   -2.343      -0.000841
 0.000375    0.00263   -2.356      -0.000849
 0.000328    0.00210   -2.316      -0.000802
 0.000323    0.00224   -2.349      -0.000792
 0.000373    0.00250   -2.337      -0.000793
 0.000318    0.00205   -2.319      -0.000754
 0.000343    0.00242   -2.357      -0.000765
 0.000352    0.00224   -2.315      -0.000727
 0.000311    0.00202   -2.321      -0.000710
 0.000356    0.00250   -2.356      -0.000723
 0.000336    0.00207   -2.302      -0.000683
 0.000307    0.00201   -2.322      -0.000671
 0.000361    0.00250   -2.349      -0.000683
 0.000327    0.00198   -2.295      -0.000645
 0.000305    0.00199   -2.321      -0.000636
 0.000361    0.00247   -2.344      -0.000647
 0.000322    0.00193   -2.291      -0.000611
 0.000303    0.00196   -2.318      -0.000603
 0.000360    0.00243   -2.340      -0.000614
 0.000319    0.00190   -2.287      -0.000579
 0.000300    0.00192   -2.314      -0.000572
 0.000356    0.00240   -2.339      -0.000584
 0.000318    0.00187   -2.283      -0.000551
 0.000298    0.00188   -2.308      -0.000544
 0.000351    0.00237   -2.339      -0.000556
 0.000320    0.00186   -2.280      -0.000525
 0.000296    0.00183   -2.300      -0.000517
 0.000340    0.00230   -2.339      -0.000530
 0.000326    0.00190   -2.281      -0.000501
 0.000296    0.00178   -2.291      -0.000493
 0.000321    0.00214   -2.332      -0.000505
 0.000339    0.00203   -2.292      -0.000481
 0.000297    0.00174   -2.282      -0.000470
 0.000298    0.00191   -2.315      -0.000468
 0.000352    0.00221   -2.310      -0.000475
 0.000301    0.00172   -2.272      -0.000450
 0.000290    0.00179   -2.300      -0.000446
 0.000346    0.00226   -2.326      -0.000457
 0.000308    0.00172   -2.265      -0.000431
 0.000288    0.00171   -2.286      -0.000426
 0.000323    0.00214   -2.328      -0.000438
 0.000325    0.00186   -2.275      -0.000416
 0.000290    0.00166   -2.272      -0.000407
 0.000290    0.00181   -2.305      -0.000406
 0.000346    0.00216   -2.308      -0.000414
 0.000297    0.00164   -2.261      -0.000391
 0.000283    0.00168   -2.284      -0.000388
 0.000329    0.00215   -2.326      -0.000400
 0.000314    0.00173   -2.262      -0.000378
 0.000285    0.00161   -2.267      -0.000371
 0.000287    0.00177   -2.301      -0.000371
 0.000342    0.00211   -2.303      -0.000379
 0.000294    0.00159   -2.254      -0.000357
 0.000279    0.00162   -2.276      -0.000354
 0.000317    0.00206   -2.321      -0.000366
 0.000317    0.00175   -2.263      -0.000347
 0.000283    0.00156   -2.258      -0.000340
 0.000279    0.00167   -2.287      -0.000339
 0.000335    0.00211   -2.311      -0.000349
 0.000297    0.00157   -2.247      -0.000328
 0.000277    0.00155   -2.263      -0.000325
 0.000284    0.00175   -2.299      -0.000325
 0.000337    0.00200   -2.289      -0.000331
 0.000287    0.00152   -2.247      -0.000313
 0.000273    0.00155   -2.268      -0.000311
 0.000306    0.00195   -2.313      -0.000322
 0.000316    0.00174   -2.261      -0.000305
 0.000280    0.00149   -2.248      -0.000299
 0.000271    0.00156   -2.272      -0.000298
 0.000320    0.00203   -2.314      -0.000309
 0.000302    0.00158   -2.244      -0.000291
 0.000275    0.00147   -2.248      -0.000286
 0.000271    0.00157   -2.276      -0.000286
 0.000325    0.00203   -2.308      -0.000296
 0.000294    0.00151   -2.237      -0.000278
 0.000271    0.00145   -2.248      -0.000274
 0.000270    0.00158   -2.278      -0.000274
 0.000326    0.00201   -2.302      -0.000284
 0.000289    0.00147   -2.234      -0.000266
 0.000269    0.00143   -2.247      -0.000263
 0.000269    0.00157   -2.278      -0.000263
 0.000325    0.00198   -2.298      -0.000272
 0.000286    0.00144   -2.231      -0.000255
 0.000267    0.00141   -2.244      -0.000253
 0.000267    0.00155   -2.275      -0.000253
 0.000323    0.00197   -2.298      -0.000262
 0.000285    0.00143   -2.229      -0.000246
 0.000266    0.00139   -2.241      -0.000243
 0.000264    0.00151   -2.270      -0.000243
 0.000319    0.00195   -2.299      -0.000252
 0.000286    0.00143   -2.228      -0.000236
 0.000265    0.00137   -2.237      -0.000234
 0.000262    0.00147   -2.263      -0.000233
 0.000312    0.00192   -2.302      -0.000243
 0.000290    0.00145   -2.230      -0.000228
 0.000265    0.00135   -2.232      -0.000225
 0.000259    0.00142   -2.255      -0.000224
 0.000298    0.00184   -2.301      -0.000234
 0.000299    0.00154   -2.240      -0.000221
 0.000267    0.00133   -2.227      -0.000217
 0.000258    0.00137   -2.245      -0.000216
 0.000271    0.00161   -2.285      -0.000216
 0.000318    0.00176   -2.264      -0.000223
 0.000270    0.00133   -2.222      -0.000209
 0.000257    0.00133   -2.237      -0.000208
 0.000260    0.00149   -2.271      -0.000209
 0.000316    0.00186   -2.284      -0.000216
 0.000276    0.00134   -2.218      -0.000202
 0.000258    0.00130   -2.229      -0.000201
 0.000255    0.00139   -2.254      -0.000200
 0.000301    0.00183   -2.296      -0.000209
 0.000288    0.00143   -2.227      -0.000197
 0.000261    0.00128   -2.221      -0.000194
 0.000253    0.00132   -2.239      -0.000193
 0.000262    0.00153   -2.279      -0.000194
 0.000316    0.00175   -2.264      -0.000200
 0.000267    0.00128   -2.215      -0.000187
 0.000253    0.00127   -2.228      -0.000186
 0.000253    0.00139   -2.256      -0.000186
 0.000304    0.00182   -2.290      -0.000195
 0.000280    0.00135   -2.218      -0.000182
 0.000256    0.00125   -2.219      -0.000180
 0.000250    0.00129   -2.237      -0.000179
 0.000259    0.00150   -2.277      -0.000181
 0.000314    0.00172   -2.260      -0.000186
 0.000264    0.00125   -2.211      -0.000174
 0.000250    0.00124   -2.223      -0.000173
 0.000250    0.00134   -2.250      -0.000173
 0.000296    0.00176   -2.289      -0.000182
 0.000282    0.00137   -2.220      -0.000170
 0.000255    0.00122   -2.213      -0.000168
 0.000247    0.00125   -2.229      -0.000167
 0.000252    0.00141   -2.264      -0.000168
 0.000308    0.00175   -2.272      -0.000174
 0.000267    0.00124   -2.207      -0.000163
 0.000249    0.00120   -2.216      -0.000162
 0.000246    0.00127   -2.235      -0.000161
 0.000265    0.00154   -2.278      -0.000169
 0.000302    0.00159   -2.246      -0.000161
 0.000259    0.00120   -2.206      -0.000157
 0.000245    0.00119   -2.218      -0.000156
 0.000245    0.00129   -2.243      -0.000156
 0.000286    0.00169   -2.285      -0.000164
 0.000282    0.00137   -2.221      -0.000154
 0.000253    0.00118   -2.206      -0.000151
 0.000243    0.00119   -2.220      -0.000150
 0.000245    0.00132   -2.250      -0.000151
 0.000296    0.00172   -2.280      -0.000158
 0.000271    0.00126   -2.208      -0.000148
 0.000248    0.00116   -2.207      -0.000146
 0.000241    0.00119   -2.221      -0.000145
 0.000245    0.00134   -2.255      -0.000146
 0.000300    0.00171   -2.273      -0.000153
 0.000265    0.00121   -2.202      -0.000142
 0.000245    0.00115   -2.206      -0.000141
 0.000239    0.00118   -2.222      -0.000141
 0.000245    0.00135   -2.258      -0.000141
 0.000301    0.00169   -2.267      -0.000148
 0.000261    0.00118   -2.199      -0.000137
 0.000243    0.00113   -2.205      -0.000136
 0.000238    0.00117   -2.221      -0.000136
 0.000243    0.00134   -2.258      -0.000137
 0.000300    0.00167   -2.264      -0.000143
 0.000260    0.00117   -2.197      -0.000133
 0.000242    0.00112   -2.203      -0.000132
 0.000237    0.00116   -2.219      -0.000132
 0.000242    0.00132   -2.255      -0.000132
 0.000298    0.00166   -2.265      -0.000139
 0.000259    0.00116   -2.196      -0.000129
 0.000241    0.00111   -2.201      -0.000128
 0.000235    0.00114   -2.216      -0.000127
 0.000240    0.00129   -2.250      -0.000128
 0.000294    0.00166   -2.269      -0.000135
 0.000261    0.00117   -2.197      -0.000125
 0.000241    0.00109   -2.199      -0.000124
 0.000234    0.00112   -2.212      -0.000123
 0.000237    0.00125   -2.243      -0.000124
 0.000287    0.00164   -2.274      -0.000131
 0.000265    0.00120   -2.201      -0.000121
 0.000242    0.00109   -2.196      -0.000120
 0.000233    0.00110   -2.207      -0.000119
 0.000235    0.00120   -2.233      -0.000120
 0.000272    0.00157   -2.275      -0.000127
 0.000274    0.00130   -2.213      -0.000118
 0.000244    0.00108   -2.192      -0.000116
 0.000232    0.00107   -2.202      -0.000116
 0.000233    0.00115   -2.223      -0.000116
 0.000246    0.00137   -2.262      -0.000122
 0.000293    0.00152   -2.241      -0.000116
 0.000248    0.00108   -2.189      -0.000113
 0.000233    0.00106   -2.197      -0.000112
 0.000230    0.00111   -2.213      -0.000112
 0.000235    0.00126   -2.249      -0.000113
 0.000291    0.00160   -2.261      -0.000119
 0.000254    0.00111   -2.190      -0.000110
 0.000235    0.00105   -2.192      -0.000109
 0.000229    0.00107   -2.205      -0.000109
 0.000232    0.00118   -2.232      -0.000109
 0.000271    0.00155   -2.272      -0.000116
 0.000268    0.00124   -2.207      -0.000108
 0.000240    0.00105   -2.188      -0.000106
 0.000229    0.00104   -2.197      -0.000105
 0.000228    0.00111   -2.217      -0.000106
 0.000234    0.00128   -2.254      -0.000106
 0.000293    0.00155   -2.247      -0.000111
 0.000247    0.00106   -2.185      -0.000103
 0.000231    0.00102   -2.191      -0.000102
 0.000226    0.00105   -2.204      -0.000102
 0.000230    0.00118   -2.233      -0.000103
 0.000274    0.00155   -2.269      -0.000109
 0.000262    0.00119   -2.200      -0.000101
 0.000236    0.00102   -2.185      -0.000100
 0.000226    0.00102   -2.195      -0.000099
 0.000226    0.00109   -2.214      -0.000099
 0.000231    0.00125   -2.250      -0.000100
 0.000290    0.00154   -2.249      -0.000105
 0.000246    0.00105   -2.182      -0.000097
 0.000229    0.00100   -2.187      -0.000096
 0.000223    0.00102   -2.199      -0.000096
 0.000227    0.00113   -2.225      -0.000097
 0.000260    0.00146   -2.267      -0.000103
 0.000269    0.00126   -2.211      -0.000096
 0.000237    0.00101   -2.181      -0.000094
 0.000224    0.00099   -2.190      -0.000093
 0.000223    0.00104   -2.205      -0.000093
 0.000227    0.00118   -2.238      -0.000094
 0.000279    0.00154   -2.261      -0.000100
 0.000252    0.00109   -2.187      -0.000092
 0.000231    0.00099   -2.182      -0.000091
 0.000222    0.00099   -2.192      -0.000091
 0.000223    0.00106   -2.211      -0.000091
 0.000227    0.00121   -2.247      -0.000092
 0.000287    0.00151   -2.246      -0.000096
 0.000243    0.00102   -2.179      -0.000089
 0.000226    0.00097   -2.183      -0.000088
 0.000220    0.00099   -2.194      -0.000088
 0.000222    0.00108   -2.217      -0.000088
 0.000239    0.00130   -2.255      -0.000094
 0.000279    0.00139   -2.228      -0.000089
 0.000237    0.00099   -2.177      -0.000086
 0.000223    0.00096   -2.183      -0.000086
 0.000219    0.00099   -2.195      -0.000086
 0.000222    0.00110   -2.221      -0.000086
 0.000253    0.00141   -2.262      -0.000092
 0.000266    0.00124   -2.210      -0.000085
 0.000233    0.00097   -2.176      -0.000084
 0.000220    0.00095   -2.183      -0.000083
 0.000218    0.00099   -2.196      -0.000083
 0.000221    0.00110   -2.224      -0.000084
 0.000260    0.00144   -2.262      -0.000089
 0.000259    0.00117   -2.200      -0.000083
 0.000230    0.00096   -2.175      -0.000081
 0.000219    0.00094   -2.183      -0.000081
 0.000217    0.00098   -2.196      -0.000081
 0.000220    0.00110   -2.225      -0.000081
 0.000262    0.00145   -2.261      -0.000087
 0.000256    0.00114   -2.196      -0.000080
 0.000229    0.00095   -2.174      -0.000079
 0.000217    0.00093   -2.182      -0.000079
 0.000215    0.00097   -2.195      -0.000079
 0.000219    0.00109   -2.224      -0.000079
 0.000259    0.00143   -2.260      -0.000084
 0.000256    0.00114   -2.197      -0.000078
 0.000228    0.00094   -2.173      -0.000077
 0.000216    0.00092   -2.180      -0.000076
 0.000214    0.00096   -2.193      -0.000076
 0.000218    0.00107   -2.220      -0.000077
 0.000252    0.00139   -2.259      -0.000082
 0.000259    0.00118   -2.203      -0.000076
 0.000228    0.00093   -2.171      -0.000075
 0.000216    0.00091   -2.178      -0.000074
 0.000213    0.00094   -2.190      -0.000074
 0.000216    0.00105   -2.215      -0.000075
 0.000239    0.00130   -2.253      -0.000080
 0.000268    0.00128   -2.216      -0.000075
 0.000230    0.00093   -2.170      -0.000073
 0.000216    0.00090   -2.175      -0.000072
 0.000212    0.00092   -2.186      -0.000072
 0.000214    0.00101   -2.208      -0.000073
 0.000219    0.00115   -2.242      -0.000073
 0.000281    0.00143   -2.235      -0.000077
 0.000233    0.00094   -2.169      -0.000071
 0.000217    0.00090   -2.173      -0.000070
 0.000211    0.00090   -2.182      -0.000070
 0.000212    0.00098   -2.200      -0.000071
 0.000216    0.00110   -2.232      -0.000071
 0.000273    0.00145   -2.248      -0.000076
 0.000238    0.00098   -2.174      -0.000069
 0.000219    0.00089   -2.170      -0.000069
 0.000210    0.00089   -2.177      -0.000068
 0.000210    0.00094   -2.192      -0.000069
 0.000214    0.00105   -2.221      -0.000069
 0.000255    0.00139   -2.256      -0.000074
 0.000250    0.00109   -2.191      -0.000068
 0.000223    0.00090   -2.167      -0.000067
 0.000211    0.00088   -2.173      -0.000067
 0.000208    0.00091   -2.185      -0.000067
 0.000212    0.00100   -2.208      -0.000067
 0.000220    0.00115   -2.240      -0.000068
 0.000276    0.00138   -2.230      -0.000072
 0.000229    0.00091   -2.166      -0.000065
 0.000213    0.00087   -2.169      -0.000065
 0.000207    0.00088   -2.178      -0.000065
 0.000209    0.00095   -2.196      -0.000065
 0.000213    0.00106   -2.226      -0.000066
 0.000265    0.00142   -2.251      -0.000070
 0.000240    0.00100   -2.177      -0.000064
 0.000218    0.00087   -2.166      -0.000063
 0.000208    0.00086   -2.172      -0.000063
 0.000206    0.00090   -2.185      -0.000063
 0.000210    0.00100   -2.209      -0.000064
 0.000227    0.00119   -2.243      -0.000068
 0.000267    0.00129   -2.220      -0.000064
 0.000225    0.00089   -2.163      -0.000062
 0.000211    0.00085   -2.168      -0.000062
 0.000205    0.00086   -2.176      -0.000062
 0.000207    0.00093   -2.194      -0.000062
 0.000210    0.00104   -2.223      -0.000062
 0.000261    0.00139   -2.250      -0.000067
 0.000239    0.00100   -2.178      -0.000061
 0.000217    0.00086   -2.163      -0.000060
 0.000206    0.00084   -2.169      -0.000060
 0.000204    0.00088   -2.181      -0.000060
 0.000207    0.00096   -2.203      -0.000060
 0.000211    0.00108   -2.234      -0.000061
 0.000275    0.00139   -2.233      -0.000065
 0.000227    0.00089   -2.163      -0.000059
 0.000211    0.00084   -2.164      -0.000059
 0.000203    0.00084   -2.172      -0.000058
 0.000204    0.00089   -2.186      -0.000059
