   0.00000000
   3.47226925
   3.66358332
   3.51774409
   3.35143574
   3.32656675
   3.18538345
   3.23211252
   3.10613241
   3.03632834
   2.99525142
   2.96391577
   2.93381051
   2.89815477
   2.84441021
   2.73773849
   2.76185512
   2.80622531
   2.79906949
   2.67600883
   2.59793275
   2.74659715
   2.67734740
   2.48887398
   2.69408633
   2.60550221
   2.44840769
   2.66791868
   2.40235833
   2.57889287
   2.54739540
   2.36927067
   2.59521904
   2.29462404
   2.58266163
   2.27277354
   2.54639225
   2.26378085
   2.50940595
   2.24931014
   2.48363437
   2.22287998
   2.47221596
   2.18628640
   2.47102124
   2.14809984
   2.46852926
   2.12278995
   2.44576566
   2.13036119
   2.37304339
   2.18593801
   2.19803689
   2.32273553
   2.06560445
   2.40095108
   2.05817702
   2.31785945
   2.14727920
   2.05776939
   2.35534067
   2.00726138
   2.30612578
   2.09866363
   2.01489046
   2.33033415
   1.98564157
   2.21463024
   2.12911906
   1.94966033
   2.29769871
   2.00864648
   1.97456064
   2.28273434
   1.94373378
   2.09798143
   2.15264648
   1.90388040
   2.17979333
   2.05452854
   1.88173743
   2.20859857
   1.99989601
   1.86759489
   2.21125462
   1.96793068
   1.85396671
   2.20106643
   1.95102841
   1.83820809
   2.18130311
   1.94729238
   1.82203066
   2.14693858
   1.95883268
   1.81086155
   2.08326590
   1.99354728
   1.80879934
   1.96207640
   2.07339351
   1.81637865
   1.82487150
   2.15301851
   1.83931362
   1.77331671
   2.11944117
   1.88585319
   1.75968932
   1.97979815
   1.99149618
   1.77517826
   1.77539730
   2.11631516
   1.82053207
   1.72958431
   2.01304624
   1.92124029
   1.74349851
   1.75344054
   2.09289210
   1.79879599
   1.70713745
   1.94270389
   1.93836345
   1.73273136
   1.70537938
   2.05056766
   1.81773337
   1.69454729
   1.73606312
   2.05992255
   1.75362020
   1.67266746
   1.87402167
   1.93482662
   1.71062710
   1.66059548
   1.95792640
   1.84636800
   1.68115641
   1.65630634
   1.98924039
   1.79711815
   1.66031408
   1.65308816
   1.99581151
   1.76786670
   1.64495581
   1.64627985
   1.99052541
   1.75165336
   1.63343730
   1.63434416
   1.97697895
   1.74644045
   1.62534660
   1.61824909
   1.95294414
   1.75296286
   1.62120585
   1.60121598
   1.90842098
   1.77607740
   1.62265257
   1.58762240
   1.82282055
   1.82876454
   1.63221454
   1.57701927
   1.65941432
   1.94359232
   1.65317613
   1.57197976
   1.59282711
   1.93682531
   1.68961471
   1.57656062
   1.56152173
   1.83921301
   1.76453319
   1.59610231
   1.54759247
   1.60187859
   1.93553181
   1.63647199
   1.54731202
   1.54850560
   1.86152960
   1.71253500
   1.56828892
   1.52868054
   1.58396300
   1.91912131
   1.61852814
   1.52961542
   1.52735459
   1.80947849
   1.72365918
   1.56153306
   1.51040792
   1.54177158
   1.88698877
   1.63405590
   1.52438212
   1.50303158
   1.61892225
   1.84527593
   1.58251497
   1.50070709
   1.50048707
   1.75183877
   1.72331085
   1.54590894
   1.48521861
   1.49924206
   1.81215304
   1.65944800
   1.51962388
   1.47434428
   1.49914990
   1.83615623
   1.62206367
   1.50075631
   1.46553314
   1.49671535
   1.84181084
   1.59979016
   1.48731706
   1.45721992
   1.49021155
   1.83729908
   1.58830000
   1.47819753
   1.44869522
   1.47952034
   1.82448089
   1.58650448
   1.47315547
   1.43993802
   1.46576343
   1.79986384
   1.59579493
   1.47278829
   1.43159134
   1.45126770
   1.75376038
   1.62100210
   1.47841733
   1.42502163
   1.43770727
   1.66759705
   1.67504108
   1.49187775
   1.42224830
   1.42302331
   1.50259003
   1.79293345
   1.51525548
   1.42597090
   1.40892313
   1.43805537
   1.78218143
   1.55526834
   1.43963225
   1.39911504
   1.41702073
   1.66148700
   1.63997619
   1.46719990
   1.39874156
   1.39797756
   1.43389670
   1.79536110
   1.51219641
   1.41278634
   1.38321679
   1.40473445
   1.67450970
   1.60424351
   1.44669360
   1.38207978
   1.38277739
   1.41511007
   1.77677271
   1.50526353
   1.40232530
   1.36766231
   1.38634021
   1.58956822
   1.64524518
   1.45037074
   1.37392440
   1.36305045
   1.38805547
   1.70792651
   1.54140428
   1.41116135
   1.35627895
   1.36213902
   1.39189752
   1.75707255
   1.48615170
   1.38298587
   1.34529051
   1.36115983
   1.46255584
   1.70879376
   1.45130833
   1.36282803
   1.33782564
   1.35864832
   1.55057343
   1.62734176
   1.42718777
   1.34818938
   1.33162298
   1.35454525
   1.59077359
   1.58456426
   1.41051474
   1.33728609
   1.32532616
   1.34891053
   1.60079969
   1.56540900
   1.40030430
   1.32917182
   1.31836620
   1.34188843
   1.58644449
   1.56515004
   1.39612369
   1.32352526
   1.31064102
   1.33350525
   1.54494830
   1.58589254
   1.39814339
   1.32069883
   1.30246832
   1.32369026
   1.46397925
   1.63780591
   1.40701870
   1.32163772
   1.29468333
   1.31246913
   1.33724987
   1.72224059
   1.42494181
   1.32784459
   1.28873498
   1.29993090
   1.32242341
   1.66966833
   1.45905507
   1.34135088
   1.28683410
   1.28671194
   1.31029209
   1.56365252
   1.52843347
   1.36437557
   1.29158782
   1.27495777
   1.29535298
   1.34648623
   1.68630193
   1.39974171
   1.30633633
   1.26838428
   1.27884031
   1.30131580
   1.61967965
   1.46599866
   1.33452025
   1.27187335
   1.26317813
   1.28506509
   1.38727879
   1.63353869
   1.37908935
   1.28999941
   1.25478250
   1.26594377
   1.28817231
   1.59471028
   1.46480444
   1.32727959
   1.26155546
   1.24889293
   1.26924566
   1.28849897
   1.68209425
   1.38865435
   1.28975218
   1.24449675
   1.24809155
