   0.00000000
  -9.35683507
  -7.22337203
  -6.27573655
  -5.68518622
  -5.42166802
  -5.08582246
  -5.04550386
  -4.76448376
  -4.59941778
  -4.48784921
  -4.39757513
  -4.31618637
  -4.23311393
  -4.12727210
  -3.94545914
  -3.95011940
  -3.99398084
  -3.97208098
  -3.78639548
  -3.64565294
  -3.84154761
  -3.74694844
  -3.45810452
  -3.72825183
  -3.61438567
  -3.36637904
  -3.66682740
  -3.30451409
  -3.51374699
  -3.49110986
  -3.21523613
  -3.53245900
  -3.11010347
  -3.49361775
  -3.07664668
  -3.42645468
  -3.05885031
  -3.36181126
  -3.03176965
  -3.31569647
  -2.98666915
  -3.29249667
  -2.92628386
  -3.28650760
  -2.86246851
  -3.28206729
  -2.81432011
  -3.25393493
  -2.80759583
  -3.16208513
  -2.86490738
  -2.92123159
  -3.04815401
  -2.72541960
  -3.16644414
  -2.69405783
  -3.07072329
  -2.79192879
  -2.71044822
  -3.08420956
  -2.61948613
  -3.04212801
  -2.71554406
  -2.64185179
  -3.04353625
  -2.57548250
  -2.91576807
  -2.74561657
  -2.53748455
  -3.00701023
  -2.58447597
  -2.57707149
  -2.96428023
  -2.50367735
  -2.74729438
  -2.76907144
  -2.45513847
  -2.85266023
  -2.62712428
  -2.42754842
  -2.88282477
  -2.55029928
  -2.40825869
  -2.87929947
  -2.50508845
  -2.38793466
  -2.86153558
  -2.47926591
  -2.36320974
  -2.83425317
  -2.47000027
  -2.33632059
  -2.79009271
  -2.48104389
  -2.31416288
  -2.70716533
  -2.52576178
  -2.30223943
  -2.54154609
  -2.63988427
  -2.30229567
  -2.34737537
  -2.76315301
  -2.32207557
  -2.26625230
  -2.73823322
  -2.37321438
  -2.23433917
  -2.56100083
  -2.51709122
  -2.24050462
  -2.27313926
  -2.71330574
  -2.28650725
  -2.19495648
  -2.60076737
  -2.41406463
  -2.19598388
  -2.24105660
  -2.67731578
  -2.25289227
  -2.15874633
  -2.50466617
  -2.43688608
  -2.17368530
  -2.16709340
  -2.63323718
  -2.26894793
  -2.13019537
  -2.21747517
  -2.61962100
  -2.18880093
  -2.10712327
  -2.40810728
  -2.43079921
  -2.13592462
  -2.09640451
  -2.51682957
  -2.30231778
  -2.09959137
  -2.09441748
  -2.55055567
  -2.23371302
  -2.07335076
  -2.09210623
  -2.55220891
  -2.19386707
  -2.05307167
  -2.08326654
  -2.54134499
  -2.17125286
  -2.03663171
  -2.06583055
  -2.52349189
  -2.16258513
  -2.02357223
  -2.04111794
  -2.49430972
  -2.16960531
  -2.01469878
  -2.01345302
  -2.44032429
  -2.20020979
  -2.01220994
  -1.98859320
  -2.32986706
  -2.27556454
  -2.01949631
  -1.96732104
  -2.10683517
  -2.44511492
  -2.04080380
  -1.95357102
  -2.00923052
  -2.45782916
  -2.08209715
  -1.95221369
  -1.95541789
  -2.34565525
  -2.18349512
  -1.96982891
  -1.92515907
  -2.02809987
  -2.43437290
  -2.01377741
  -1.91512975
  -1.94116427
  -2.36787318
  -2.11027487
  -1.93297722
  -1.89941499
  -2.00360543
  -2.40937032
  -1.98813813
  -1.88925307
  -1.90886231
  -2.30063068
  -2.12591616
  -1.91993443
  -1.87001208
  -1.93957960
  -2.38222864
  -2.00344059
  -1.87627341
  -1.86651586
  -2.04868593
  -2.30294996
  -1.93952346
  -1.84903631
  -1.86974437
  -2.22366034
  -2.12604450
  -1.89498840
  -1.83150319
  -1.87408735
  -2.29537770
  -2.03573979
  -1.86282234
  -1.81919167
  -1.87816237
  -2.31851716
  -1.98449359
  -1.83934620
  -1.80875793
  -1.87726198
  -2.31975167
  -1.95451132
  -1.82205174
  -1.79801098
  -1.86910389
  -2.31132593
  -1.93883773
  -1.80955482
  -1.78595846
  -1.85361594
  -2.29598785
  -1.93576814
  -1.80158016
  -1.77265003
  -1.83229306
  -2.26869562
  -1.94762402
  -1.79891915
  -1.75912066
  -1.80816869
  -2.21526742
  -1.98218855
  -1.80326764
  -1.74737420
  -1.78381792
  -2.10765427
  -2.05969792
  -1.81693899
  -1.74011467
  -1.75759243
  -1.88840691
  -2.23172609
  -1.84266568
  -1.74073613
  -1.73241172
  -1.79668683
  -2.23861332
  -1.89214484
  -1.75350079
  -1.71355367
  -1.75720514
  -2.09699188
  -2.01073775
  -1.78330611
  -1.70745772
  -1.72145892
  -1.79575646
  -2.24165892
  -1.83539307
  -1.71961442
  -1.69353438
  -1.74278817
  -2.11097094
  -1.96050093
  -1.75638733
  -1.68508029
  -1.70048404
  -1.76922475
  -2.21956012
  -1.82512940
  -1.70411552
  -1.67088179
  -1.71396176
  -2.00157949
  -2.02088160
  -1.75767298
  -1.67123437
  -1.66959453
  -1.72551306
  -2.14568096
  -1.87304165
  -1.71081219
  -1.65132657
  -1.67329378
  -1.73768707
  -2.19263277
  -1.79897801
  -1.67716170
  -1.63939727
  -1.67651034
  -1.83247480
  -2.11525197
  -1.75497317
  -1.65298096
  -1.63155147
  -1.67679621
  -1.94845600
  -1.99776075
  -1.72525232
  -1.63517525
  -1.62476337
  -1.67383414
  -1.99936060
  -1.93653751
  -1.70448926
  -1.62153220
  -1.61712250
  -1.66740562
  -2.01106242
  -1.90962197
  -1.69133432
  -1.61089115
  -1.60782449
  -1.65764706
  -1.99219078
  -1.90994802
  -1.68523387
  -1.60286981
  -1.59676351
  -1.64468647
  -1.93869503
  -1.94064804
  -1.68643313
  -1.59793395
  -1.58446367
  -1.62866687
  -1.83254814
  -2.01662947
  -1.69586443
  -1.59727981
  -1.57218319
  -1.61002278
  -1.66526473
  -2.13878504
  -1.71714216
  -1.60277956
  -1.56195389
  -1.58916158
  -1.64014673
  -2.08565441
  -1.76208838
  -1.61693335
  -1.55666545
  -1.56722317
  -1.61647966
  -1.95942206
  -1.86065902
  -1.64249867
  -1.55947620
  -1.54740547
  -1.58884068
  -1.67556730
  -2.08897885
  -1.68400985
  -1.57442035
  -1.53468094
  -1.55999961
  -1.60910109
  -2.02517716
  -1.77295057
  -1.60560367
  -1.53497983
  -1.53314922
  -1.57695759
  -1.72903307
  -2.01474376
  -1.65732095
  -1.55338103
  -1.51686326
  -1.54274564
  -1.59065041
  -1.99358611
  -1.77242883
  -1.59509625
  -1.52052225
  -1.51304608
  -1.55332156
  -1.59882456
  -2.08690581
  -1.66857592
  -1.55071977
  -1.50140177
  -1.51591538
