            0.0     0.00000     0.00000     0.00000    34.00000
    -40774161.2     0.06645     0.10767     0.17068    19.65278
    -59234125.2     0.10809     0.13845     0.23446    16.92714
    -73431556.1     0.14099     0.17168     0.28499    15.64093
    -85417822.2     0.16890     0.19121     0.32523    14.69364
    -95988898.9     0.19335     0.20092     0.36105    14.06384
   -105553449.4     0.21591     0.21731     0.39038    13.38579
   -114351575.1     0.23664     0.24227     0.42361    13.17443
   -122544893.8     0.25620     0.24754     0.44775    12.64572
   -130243078.2     0.27418     0.25617     0.47271    12.34037
   -137525074.8     0.29145     0.26772     0.49849    12.15935
   -144452288.7     0.30811     0.29071     0.52369    12.01982
   -151072306.6     0.32412     0.29900     0.54468    11.75806
   -157422512.7     0.33935     0.30794     0.56521    11.55042
   -163533340.7     0.35399     0.31741     0.58532    11.37983
   -169429896.4     0.36811     0.32736     0.60506    11.23893
   -175133161.3     0.38174     0.33777     0.62448    11.12594
   -180660915.6     0.39480     0.34865     0.64363    11.04361
   -186028424.6     0.40756     0.34528     0.65944    10.85838
   -191248730.1     0.42011     0.35307     0.67516    10.69522
   -196333247.5     0.43249     0.36200     0.69129    10.56328
   -201292092.3     0.44468     0.37237     0.70810    10.47188
   -206134093.3     0.45652     0.38412     0.72560    10.42705
   -210866925.7     0.46758     0.39313     0.74000    10.31510
   -215497885.7     0.47867     0.39132     0.75502    10.23634
   -220033119.8     0.48990     0.40048     0.76942    10.13043
   -224478275.5     0.50093     0.41252     0.78577    10.10125
   -228838276.0     0.51105     0.41332     0.80131    10.08643
   -233118276.5     0.52145     0.41939     0.81243     9.92941
   -237322255.3     0.53203     0.43029     0.82705     9.87396
   -241453752.6     0.54186     0.44418     0.84375     9.91745
   -245516974.8     0.55154     0.43860     0.85331     9.75228
   -249514941.4     0.56168     0.44930     0.86706     9.69742
   -253450222.3     0.57093     0.45995     0.88000     9.65382
   -257326442.3     0.58035     0.45744     0.89185     9.58148
   -261145711.3     0.59008     0.46938     0.90596     9.55947
   -264910182.7     0.59874     0.46911     0.91863     9.53957
   -268622917.6     0.60809     0.47675     0.92900     9.43157
   -272285078.4     0.61717     0.49086     0.94427     9.47181
   -275899347.3     0.62562     0.48610     0.95290     9.35343
   -279467319.8     0.63481     0.49783     0.96597     9.33043
   -282990336.2     0.64289     0.49710     0.97745     9.30704
   -286470870.6     0.65180     0.50575     0.98780     9.22455
   -289909324.8     0.65991     0.50909     1.00216     9.27534
   -293308379.5     0.66839     0.51453     1.00973     9.14208
   -296668244.4     0.67683     0.52896     1.02422     9.18829
   -299991079.6     0.68465     0.52392     1.03162     9.07443
   -303277526.5     0.69316     0.53719     1.04494     9.08922
   -306528974.0     0.70062     0.53364     1.05326     9.01470
   -309746552.4     0.70905     0.54583     1.06548     9.00575
   -312931021.8     0.71631     0.54345     1.07450     8.95778
   -316083814.3     0.72461     0.55482     1.08585     8.93299
   -319205281.0     0.73171     0.55317     1.09522     8.90073
   -322296981.3     0.73988     0.56409     1.10600     8.86826
   -325359040.5     0.74685     0.56271     1.11538     8.84218
   -328393005.6     0.75489     0.57360     1.12595     8.81018
   -331398919.8     0.76173     0.57205     1.13500     8.78197
   -334378198.9     0.76966     0.58336     1.14571     8.75831
   -337330948.0     0.77637     0.58124     1.15413     8.72083
   -340258320.6     0.78419     0.59338     1.16531     8.71292
   -343160639.9     0.79079     0.59039     1.17287     8.66020
   -346038643.4     0.79845     0.60368     1.18480     8.67502
   -348893050.3     0.80502     0.59965     1.19136     8.60225
   -351724021.7     0.81239     0.61430     1.20420     8.64710
   -354532823.9     0.81906     0.60916     1.20973     8.54954
   -357318977.4     0.82581     0.62146     1.22000     8.55345
   -360084234.0     0.83292     0.61909     1.22811     8.50466
   -362827712.4     0.83931     0.62116     1.23910     8.53748
   -365551218.7     0.84660     0.62954     1.24662     8.46996
   -368254014.3     0.85274     0.62895     1.25539     8.46290
   -370937421.0     0.86005     0.64056     1.26532     8.44743
   -373601390.5     0.86610     0.63750     1.27199     8.39884
   -376246274.4     0.87310     0.65214     1.28418     8.44110
   -378873095.6     0.87936     0.64703     1.28910     8.35020
   -381481157.1     0.88553     0.65031     1.30057     8.39877
   -384072135.8     0.89247     0.65764     1.30680     8.31975
   -386645110.3     0.89832     0.65724     1.31528     8.31703
   -389201316.1     0.90536     0.66924     1.32508     8.30871
   -391740760.2     0.91115     0.66571     1.33095     8.25461
   -394263407.6     0.91752     0.68160     1.34368     8.32505
   -396770600.2     0.92390     0.67585     1.34770     8.21746
   -399261302.5     0.92962     0.67681     1.35695     8.23486
   -401736946.9     0.93648     0.68749     1.36543     8.20647
   -404197166.6     0.94205     0.68461     1.37155     8.16552
   -406642142.3     0.94838     0.70021     1.38379     8.22680
   -409073039.7     0.95448     0.69467     1.38770     8.12836
   -411488831.6     0.96002     0.69553     1.39663     8.14458
   -413890849.3     0.96673     0.70667     1.40521     8.12374
   -416278831.1     0.97215     0.70340     1.41077     8.07777
   -418652711.1     0.97799     0.71615     1.42000     8.09026
   -421013788.5     0.98428     0.71403     1.42689     8.05018
   -423361010.7     0.98961     0.71357     1.43454     8.04833
   -425695351.5     0.99613     0.72679     1.44454     8.06055
   -428017124.6     1.00152     0.72241     1.44898     7.99550
   -430325699.5     1.00692     0.72484     1.45876     8.03159
   -432622413.4     1.01336     0.73424     1.46560     7.98754
   -434906634.6     1.01852     0.73168     1.47138     7.95514
   -437178505.5     1.02422     0.74798     1.48355     8.02910
   -439439199.8     1.03022     0.74231     1.48679     7.92847
   -441687640.2     1.03531     0.74164     1.49395     7.92436
   -443924637.6     1.04155     0.75567     1.50425     7.95016
   -446150722.8     1.04683     0.75092     1.50806     7.87933
   -448365044.8     1.05191     0.75202     1.51648     7.89862
   -450568720.5     1.05821     0.76375     1.52485     7.88791
   -452761648.6     1.06322     0.75995     1.52931     7.83718
   -454943381.5     1.06834     0.76255     1.53879     7.87413
   -457115118.5     1.07452     0.77216     1.54537     7.83508
   -459276302.9     1.07940     0.76927     1.55046     7.79948
   -461426849.0     1.08460     0.77305     1.56074     7.84840
   -463567927.2     1.09060     0.78089     1.56583     7.78830
   -465698703.1     1.09540     0.77872     1.57139     7.76416
   -467819353.6     1.10065     0.79172     1.58000     7.78121
   -469930975.7     1.10646     0.78986     1.58617     7.74603
   -472032590.8     1.11120     0.78822     1.59206     7.72975
   -474124542.6     1.11655     0.80446     1.60357     7.79736
   -476208149.5     1.12214     0.79902     1.60637     7.70720
   -478281944.2     1.12682     0.79769     1.61241     7.69534
   -480346370.2     1.13221     0.81368     1.62364     7.75672
   -482402763.2     1.13764     0.80835     1.62642     7.67114
   -484449664.2     1.14225     0.80709     1.63243     7.66051
   -486487525.0     1.14757     0.82316     1.64362     7.72274
   -488517684.1     1.15297     0.81783     1.64632     7.63759
   -490538706.4     1.15752     0.81643     1.65212     7.62525
   -492550971.1     1.16262     0.82907     1.66000     7.63359
   -494555823.7     1.16813     0.82747     1.66608     7.60656
   -496551934.4     1.17262     0.82573     1.67152     7.58989
   -498539513.0     1.17753     0.83010     1.68170     7.64104
   -500519934.0     1.18312     0.83729     1.68572     7.57832
   -502492047.7     1.18756     0.83504     1.69068     7.55505
   -504455829.1     1.19230     0.83859     1.70014     7.59874
   -506412604.8     1.19796     0.84732     1.70529     7.55336
   -508361584.3     1.20235     0.84444     1.70967     7.52160
   -510302408.0     1.20692     0.84697     1.71826     7.55532
   -512236277.8     1.21263     0.85760     1.72483     7.53229
   -514162930.9     1.21700     0.85401     1.72855     7.49059
   -516081604.1     1.22142     0.85535     1.73615     7.51170
   -517993268.2     1.22707     0.86813     1.74435     7.51653
   -519898335.1     1.23152     0.86385     1.74742     7.46319
   -521795635.4     1.23582     0.86388     1.75392     7.46936
   -523685802.9     1.24111     0.87894     1.76384     7.50916
   -525569918.5     1.24589     0.87404     1.76635     7.44056
   -527446591.5     1.25011     0.87271     1.77171     7.43035
   -529316093.6     1.25474     0.87691     1.78136     7.47765
   -531179692.0     1.26012     0.88463     1.78539     7.42372
   -533036439.2     1.26429     0.88197     1.78962     7.39646
   -534886052.5     1.26863     0.88431     1.79776     7.42724
   -536729580.8     1.27416     0.89565     1.80459     7.41371
   -538567030.6     1.27837     0.89179     1.80777     7.36943
   -540397457.8     1.28253     0.89220     1.81434     7.37989
   -542221483.4     1.28772     0.90704     1.82386     7.41507
   -544040121.3     1.29232     0.90225     1.82623     7.35063
   -545852032.0     1.29638     0.90079     1.83127     7.33934
   -547657400.8     1.30079     0.90448     1.84030     7.38129
   -549457396.5     1.30611     0.91336     1.84503     7.34097
   -551251395.2     1.31016     0.91024     1.84867     7.30828
   -553038852.7     1.31427     0.91156     1.85581     7.32842
   -554820529.7     1.31958     0.92504     1.86412     7.34268
   -556597080.9     1.32384     0.92061     1.86662     7.28850
   -558367274.6     1.32782     0.91966     1.87192     7.28358
   -560131385.0     1.33221     0.92375     1.88111     7.32768
   -561890574.4     1.33738     0.93190     1.88512     7.28079
   -563644077.4     1.34133     0.92896     1.88878     7.25128
   -565391445.6     1.34535     0.93035     1.89583     7.27181
   -567133392.8     1.35056     0.94392     1.90407     7.28713
   -568870600.7     1.35475     0.93949     1.90644     7.23357
   -570601853.4     1.35863     0.93834     1.91145     7.22649
   -572327351.9     1.36287     0.94198     1.92016     7.26645
   -574048173.4     1.36803     0.95115     1.92486     7.23084
   -575763828.5     1.37191     0.94787     1.92810     7.19727
   -577473686.4     1.37580     0.94857     1.93448     7.21048
   -579178253.4     1.38067     0.96363     1.94377     7.24763
   -580878550.5     1.38509     0.95892     1.94578     7.18593
   -582573357.1     1.38888     0.95696     1.95003     7.16959
   -584262646.8     1.39287     0.95940     1.95770     7.19928
   -585947263.6     1.39804     0.97120     1.96434     7.19236
   -587627420.9     1.40194     0.96721     1.96687     7.14877
   -589302119.1     1.40570     0.96660     1.97211     7.14798
   -590971612.9     1.40987     0.97058     1.98090     7.18917
   -592636961.7     1.41486     0.97912     1.98490     7.14844
   -594297565.3     1.41861     0.97597     1.98806     7.11763
   -595952874.0     1.42237     0.97661     1.99422     7.13002
   -597603310.2     1.42700     0.99213     2.00367     7.17353
   -599249932.9     1.43144     0.98739     2.00548     7.11068
   -600891619.1     1.43511     0.98509     2.00928     7.09081
   -602528216.8     1.43891     0.98683     2.01622     7.11361
   -604160349.9     1.44388     1.00031     2.02402     7.12733
   -605788677.2     1.44784     0.99597     2.02608     7.07737
   -607412073.2     1.45147     0.99445     2.03043     7.06676
   -609030594.0     1.45532     0.99710     2.03801     7.09710
   -610645028.7     1.46034     1.00875     2.04430     7.08897
   -612255574.8     1.46407     1.00481     2.04663     7.04742
   -613861282.7     1.46767     1.00395     2.05144     7.04418
   -615462318.0     1.47159     1.00730     2.05951     7.07956
   -617059578.0     1.47653     1.01743     2.06453     7.05559
   -618652884.4     1.48016     1.01384     2.06709     7.01990
   -620241475.2     1.48373     1.01350     2.07225     7.02212
   -621825577.2     1.48769     1.01735     2.08065     7.06053
   -623406148.8     1.49252     1.02632     2.08470     7.02574
   -624982747.2     1.49609     1.02301     2.08744     6.99409
   -626554761.0     1.49963     1.02302     2.09282     6.99992
   -628122447.2     1.50363     1.02718     2.10139     7.03982
   -629686791.4     1.50837     1.03541     2.10480     6.99857
   -631247194.5     1.51188     1.03228     2.10763     6.96946
   -632803142.3     1.51540     1.03248     2.11311     6.97716
   -634354900.5     1.51939     1.03677     2.12172     7.01739
   -635903457.0     1.52406     1.04468     2.12483     6.97372
   -637448155.0     1.52754     1.04162     2.12766     6.94571
   -638988521.7     1.53102     1.04185     2.13311     6.95369
   -640524814.1     1.53497     1.04610     2.14164     6.99329
   -642058001.7     1.53962     1.05412     2.14478     6.95098
   -643587461.6     1.54307     1.05102     2.14754     6.92273
   -645112708.6     1.54651     1.05114     2.15284     6.92951
   -646633976.1     1.55038     1.05519     2.16117     6.96759
   -648152192.3     1.55504     1.06374     2.16467     6.93034
   -649666858.2     1.55846     1.06050     2.16726     6.90061
   -651177426.4     1.56186     1.06035     2.17231     6.90481
   -652684092.6     1.56564     1.06405     2.18032     6.94046
   -654187713.5     1.57033     1.07353     2.18451     6.91189
   -655688005.9     1.57374     1.07008     2.18686     6.87959
   -657184317.4     1.57709     1.06954     2.19156     6.87991
   -658676791.0     1.58075     1.07274     2.19914     6.91207
   -660166173.8     1.58546     1.08352     2.20430     6.89605
   -661652487.7     1.58889     1.07979     2.20638     6.86003
   -663134947.1     1.59219     1.07875     2.21063     6.85531
   -664613624.3     1.59573     1.08131     2.21767     6.88275
   -666089113.7     1.60039     1.09370     2.22406     6.88351
   -667561814.7     1.60391     1.08968     2.22584     6.84239
   -669030809.0     1.60718     1.08805     2.22958     6.83159
   -670496075.1     1.61061     1.08984     2.23598     6.85296
   -671958022.1     1.61505     1.10409     2.24379     6.87557
   -673417432.1     1.61882     1.09978     2.24529     6.82720
   -674873325.9     1.62207     1.09750     2.24847     6.80947
   -676325555.1     1.62539     1.09843     2.25415     6.82343
   -677774381.7     1.62927     1.11094     2.26000     6.82825
   -679220722.5     1.63360     1.11014     2.26478     6.81496
   -680663858.8     1.63685     1.10719     2.26736     6.78976
   -682103413.2     1.64008     1.10716     2.27226     6.79501
   -683539550.2     1.64367     1.11067     2.27988     6.82786
   -684973019.7     1.64824     1.12078     2.28433     6.80631
   -686403709.9     1.65151     1.11720     2.28633     6.77329
   -687830935.7     1.65469     1.11616     2.29040     6.76882
   -689254748.5     1.65808     1.11849     2.29707     6.79365
   -690675623.1     1.66256     1.13168     2.30391     6.80343
   -692094129.5     1.66607     1.12757     2.30543     6.76081
   -693509350.1     1.66922     1.12552     2.30865     6.74602
   -694921187.2     1.67245     1.12659     2.31431     6.76081
   -696329884.1     1.67624     1.13908     2.32000     6.76538
   -697736324.5     1.68049     1.13834     2.32469     6.75291
   -699139831.3     1.68365     1.13535     2.32710     6.72773
   -700540026.7     1.68679     1.13510     2.33170     6.73087
   -701937033.9     1.69023     1.13819     2.33886     6.76036
   -703331473.6     1.69472     1.14951     2.34413     6.75063
   -704723510.6     1.69798     1.14572     2.34582     6.71494
   -706112374.2     1.70107     1.14417     2.34936     6.70556
   -707498042.0     1.70429     1.14574     2.35532     6.72418
   -708880790.4     1.70832     1.16098     2.36362     6.75892
   -710261486.8     1.71219     1.15664     2.36484     6.70829
   -711639290.4     1.71528     1.15391     2.36738     6.68639
   -713013945.4     1.71837     1.15392     2.37209     6.69187
   -714385585.7     1.72178     1.15718     2.37930     6.72184
   -715754844.8     1.72621     1.16808     2.38415     6.70851
   -717121802.2     1.72940     1.16438     2.38583     6.67452
   -718485740.2     1.73242     1.16288     2.38931     6.66572
   -719846638.2     1.73558     1.16440     2.39515     6.68369
   -721204742.0     1.73947     1.17992     2.40358     6.72175
   -722560917.6     1.74339     1.17557     2.40473     6.67052
   -723914384.2     1.74642     1.17273     2.40709     6.64769
   -725264857.6     1.74945     1.17249     2.41152     6.65091
   -726612440.3     1.75275     1.17539     2.41837     6.67818
   -727957655.2     1.75711     1.18737     2.42400     6.67548
   -729300815.8     1.76033     1.18351     2.42546     6.63893
   -730641138.3     1.76331     1.18163     2.42856     6.62643
   -731978550.5     1.76637     1.18259     2.43388     6.63983
   -733313236.2     1.76987     1.18666     2.44158     6.67312
   -734645975.7     1.77410     1.19515     2.44440     6.63965
   -735976349.9     1.77711     1.19189     2.44633     6.61234
   -737303891.1     1.78006     1.19097     2.45015     6.60925
   -738628633.0     1.78320     1.19301     2.45627     6.63053
   -739950876.1     1.78726     1.20739     2.46370     6.65374
   -741271365.7     1.79081     1.20324     2.46485     6.60938
   -742589268.2     1.79375     1.20065     2.46730     6.58970
   -743904388.4     1.79670     1.20062     2.47178     6.59468
   -745216830.9     1.79994     1.20358     2.47855     6.62166
   -746527100.6     1.80421     1.21546     2.48398     6.61815
   -747835488.9     1.80736     1.21165     2.48535     6.58278
   -749141246.7     1.81026     1.20971     2.48829     6.56995
   -750444294.9     1.81322     1.21047     2.49334     6.58146
   -751744786.3     1.81658     1.21418     2.50065     6.61220
   -753043400.0     1.82080     1.22377     2.50422     6.58839
   -754339952.2     1.82377     1.22032     2.50587     6.55910
   -755633889.4     1.82664     1.21897     2.50924     6.55213
   -756925198.8     1.82963     1.22040     2.51476     6.56859
   -758214071.0     1.83313     1.23282     2.52000     6.57257
   -759501290.5     1.83715     1.23230     2.52444     6.56236
   -760786297.8     1.84005     1.22920     2.52636     6.53764
   -762068729.4     1.84290     1.22836     2.53009     6.53540
   -763348616.2     1.84593     1.23032     2.53598     6.55543
   -764626198.3     1.84977     1.24517     2.54363     6.58381
   -765902249.2     1.85335     1.24103     2.54464     6.53891
   -767176003.7     1.85621     1.23825     2.54678     6.51778
   -768447232.9     1.85904     1.23782     2.55079     6.51914
   -769715996.4     1.86210     1.24017     2.55695     6.54156
   -770982605.3     1.86610     1.25396     2.56374     6.55769
   -772247697.9     1.86943     1.24995     2.56481     6.51746
   -773510485.5     1.87225     1.24742     2.56711     6.49904
   -774770802.9     1.87506     1.24728     2.57131     6.50289
   -776028726.8     1.87813     1.24989     2.57764     6.52674
   -777284622.3     1.88219     1.26294     2.58381     6.53509
   -778539001.7     1.88538     1.25903     2.58491     6.49766
   -779791099.7     1.88817     1.25667     2.58732     6.48104
   -781040783.2     1.89097     1.25670     2.59163     6.48636
   -782288137.5     1.89404     1.25946     2.59802     6.51084
   -783533554.0     1.89810     1.27211     2.60384     6.51520
   -784777470.5     1.90122     1.26826     2.60496     6.47929
   -786019146.2     1.90398     1.26598     2.60739     6.46358
   -787258462.3     1.90675     1.26608     2.61172     6.46940
   -788495504.7     1.90981     1.26886     2.61810     6.49383
   -789730662.5     1.91385     1.28146     2.62384     6.49769
   -790964361.7     1.91694     1.27763     2.62494     6.46221
   -792195872.3     1.91967     1.27534     2.62733     6.44654
   -793425076.5     1.92243     1.27539     2.63158     6.45197
   -794652054.5     1.92545     1.27809     2.63787     6.47572
   -795877164.2     1.92944     1.29098     2.64380     6.48245
   -797100882.2     1.93255     1.28713     2.64485     6.44640
   -798322474.7     1.93527     1.28475     2.64714     6.42994
   -799541812.9     1.93799     1.28466     2.65124     6.43414
   -800758965.1     1.94096     1.28717     2.65735     6.45662
   -801974232.1     1.94486     1.30068     2.66373     6.46961
   -803188191.9     1.94805     1.29677     2.66470     6.43191
   -804400102.9     1.95075     1.29423     2.66683     6.41391
   -805609811.7     1.95344     1.29389     2.67071     6.41607
   -806817369.2     1.95635     1.29611     2.67656     6.43665
   -808023001.6     1.96008     1.31056     2.68364     6.45959
   -809227405.7     1.96344     1.30657     2.68452     6.41886
   -810429861.4     1.96614     1.30380     2.68642     6.39867
   -811630169.0     1.96880     1.30313     2.69001     6.39801
   -812828356.5     1.97163     1.30496     2.69553     6.41603
   -814024583.9     1.97502     1.32066     2.70353     6.45342
   -815219597.4     1.97872     1.31654     2.70432     6.40747
   -816412812.4     1.98142     1.31350     2.70596     6.38451
   -817603938.6     1.98405     1.31241     2.70919     6.38030
   -818792975.0     1.98681     1.31376     2.71430     6.39503
   -819980053.1     1.98996     1.31756     2.72128     6.42328
   -821165802.5     1.99388     1.32669     2.72412     6.39809
   -822349978.3     1.99660     1.32336     2.72547     6.37180
   -823532133.9     1.99921     1.32180     2.72829     6.36338
   -824712232.2     2.00190     1.32257     2.73293     6.37402
   -825890375.5     2.00491     1.32579     2.73944     6.39942
   -827067024.0     2.00885     1.33704     2.74391     6.39145
   -828242344.9     2.01168     1.33342     2.74499     6.36091
   -829415730.7     2.01428     1.33133     2.74735     6.34775
   -830587097.8     2.01690     1.33145     2.75146     6.35345
   -831756513.5     2.01978     1.33399     2.75742     6.37519
   -832924244.8     2.02354     1.34757     2.76370     6.38872
   -834090863.9     2.02666     1.34372     2.76455     6.35225
   -835255668.5     2.02926     1.34110     2.76645     6.33397
   -836418503.8     2.03184     1.34050     2.76996     6.33393
   -837579396.0     2.03458     1.34227     2.77531     6.35106
   -838738486.7     2.03776     1.35456     2.78000     6.35396
   -839896457.3     2.04152     1.35428     2.78419     6.34621
   -841052854.3     2.04415     1.35114     2.78562     6.32263
   -842207347.5     2.04669     1.34979     2.78851     6.31621
   -843359915.5     2.04933     1.35071     2.79317     6.32766
   -844510657.8     2.05229     1.35396     2.79961     6.35258
   -845660026.2     2.05616     1.36509     2.80389     6.34389
   -846808165.1     2.05893     1.36151     2.80491     6.31427
   -847954493.8     2.06147     1.35940     2.80716     6.30108
   -849098929.7     2.06402     1.35940     2.81108     6.30575
   -850241527.8     2.06681     1.36172     2.81679     6.32578
   -851382482.2     2.07036     1.37612     2.82361     6.34774
   -852522453.8     2.07360     1.37224     2.82436     6.30930
   -853660778.6     2.07616     1.36941     2.82599     6.28929
   -854797264.3     2.07867     1.36846     2.82914     6.28629
   -855931913.6     2.08130     1.36975     2.83403     6.30006
   -857064835.1     2.08428     1.37329     2.84062     6.32583
   -858196556.5     2.08811     1.38331     2.84397     6.30846
   -859327012.3     2.09076     1.37988     2.84505     6.28151
   -860455714.9     2.09325     1.37798     2.84741     6.27039
   -861582603.0     2.09578     1.37818     2.85143     6.27649
   -862707737.1     2.09854     1.38063     2.85718     6.29694
   -863831328.0     2.10212     1.39464     2.86364     6.31466
   -864953987.6     2.10525     1.39082     2.86437     6.27816
   -866075053.5     2.10776     1.38805     2.86599     6.25899
   -867194354.7     2.11023     1.38713     2.86911     6.25630
   -868311894.7     2.11282     1.38840     2.87392     6.26973
   -869427775.5     2.11575     1.39185     2.88039     6.29471
   -870542489.8     2.11953     1.40218     2.88392     6.28001
   -871656032.0     2.12217     1.39873     2.88493     6.25282
   -872767901.4     2.12463     1.39673     2.88715     6.24090
   -873878030.1     2.12711     1.39675     2.89097     6.24561
   -874986466.7     2.12980     1.39896     2.89648     6.26449
   -876093362.9     2.13315     1.41386     2.90356     6.29135
   -877199393.4     2.13647     1.40999     2.90422     6.25221
   -878303958.0     2.13896     1.40704     2.90563     6.23138
   -879406839.3     2.14139     1.40581     2.90844     6.22619
   -880508022.6     2.14390     1.40669     2.91290     6.23693
   -881607590.2     2.14672     1.40972     2.91899     6.25963
   -882705892.7     2.15043     1.42170     2.92378     6.25865
   -883803228.4     2.15319     1.41809     2.92459     6.22838
