   0.00000000
 -10.54552149
  -7.83135421
  -6.87058794
  -6.25766156
  -5.77778388
  -5.62219186
  -5.30465601
  -5.23345146
  -4.92345283
  -4.83540269
  -4.78575325
  -4.71024428
  -4.57048096
  -4.47130019
  -4.38514034
  -4.29614595
  -4.18163739
  -4.15182898
  -4.14134561
  -4.13369688
  -4.11081203
  -4.01840044
  -3.80347580
  -3.88223214
  -3.96341081
  -3.89192100
  -3.61923849
  -3.78708158
  -3.85154362
  -3.58449356
  -3.62031306
  -3.77897209
  -3.45351371
  -3.60515418
  -3.68672117
  -3.32370587
  -3.64124994
  -3.48090775
  -3.35320425
  -3.59598686
  -3.20163011
  -3.56895593
  -3.20787150
  -3.46117528
  -3.35409033
  -3.24107544
  -3.42130528
  -3.11434301
  -3.43910966
  -3.04477420
  -3.42965166
  -2.99998914
  -3.40865075
  -2.96589945
  -3.38294905
  -2.93823847
  -3.35305139
  -2.91954112
  -3.31242426
  -2.91800884
  -3.24758026
  -2.94377633
  -3.13285626
  -3.01536263
  -2.92123410
  -3.18068797
  -2.81108535
  -3.23593439
  -2.76641871
  -3.20804866
  -2.79897068
  -3.04949397
  -2.92789654
  -2.76347800
  -3.15769362
  -2.69281337
  -3.13689869
  -2.75345427
  -2.85021207
  -3.00202717
  -2.64887035
  -3.11521433
  -2.68289712
  -2.85259311
  -2.92482846
  -2.60379279
  -3.07165381
  -2.65898940
  -2.69266921
  -3.00234488
  -2.56376968
  -2.98032859
  -2.69528705
  -2.56363036
  -3.02419391
  -2.57284911
  -2.66792952
  -2.92266111
  -2.50877890
  -2.88276767
  -2.68972813
  -2.48362555
  -2.95331170
  -2.57818686
  -2.48934385
  -2.95431968
  -2.51424544
  -2.50960219
  -2.92561074
  -2.47054431
  -2.53029602
  -2.88691257
  -2.43908380
  -2.57751384
  -2.81590705
  -2.41561951
  -2.59635587
  -2.76916504
  -2.39753661
  -2.57090553
  -2.76307059
  -2.38432662
  -2.50004430
  -2.79842264
  -2.37649239
  -2.43474740
  -2.82220137
  -2.37578419
  -2.38243743
  -2.82363909
  -2.38509327
  -2.33292419
  -2.80765052
  -2.40856607
  -2.29732834
  -2.74754001
  -2.46029209
  -2.28527799
  -2.59051704
  -2.58044974
  -2.29034584
  -2.35154802
  -2.75675733
  -2.31702610
  -2.26739756
  -2.74099549
  -2.37521987
  -2.23905700
  -2.56497667
  -2.52669905
  -2.25006053
  -2.28460216
  -2.72477931
  -2.29852024
  -2.21016013
  -2.62926290
  -2.41855167
  -2.21202203
  -2.27640694
  -2.69375433
  -2.26224804
  -2.18357112
  -2.59657571
  -2.40033965
  -2.18874698
  -2.22844191
  -2.67316699
  -2.25654450
  -2.15677044
  -2.45876025
  -2.47758776
  -2.18302924
  -2.16054290
  -2.62322416
  -2.29547096
  -2.14077147
  -2.20682223
  -2.63384004
  -2.21149314
  -2.11879443
  -2.37135332
  -2.48705634
  -2.15742176
  -2.11064288
  -2.52049060
  -2.33168011
  -2.12031569
  -2.11640364
  -2.57609361
  -2.24812622
  -2.09452004
  -2.12924780
  -2.58598041
  -2.19808220
  -2.07563938
  -2.14104785
  -2.57686387
  -2.16525127
  -2.06069629
  -2.14665146
  -2.56297466
  -2.14220664
  -2.04787543
  -2.14323787
  -2.54997964
  -2.12685100
  -2.03616372
  -2.12996615
  -2.54001980
  -2.11851478
  -2.02527971
  -2.10747308
  -2.53204194
  -2.11729147
  -2.01566856
  -2.07789031
  -2.52201125
  -2.12417377
  -2.00841650
  -2.04471018
  -2.49984685
  -2.14379912
  -2.00518388
  -2.01305309
  -2.44773539
  -2.18616914
  -2.00838549
  -1.98873558
  -2.33430526
  -2.27280303
  -2.02113698
  -1.97024363
  -2.11023228
  -2.44974437
  -2.04678251
  -1.96011707
  -2.01670954
  -2.46599785
  -2.09028908
  -1.96198300
  -1.96705691
  -2.36655881
  -2.18637817
  -1.98033949
  -1.94009235
  -2.07711502
  -2.42293264
  -2.02045354
  -1.93032888
  -1.96974789
  -2.41528262
  -2.09553273
  -1.94308496
  -1.92559864
  -2.17500569
  -2.30206101
  -1.98460028
  -1.90826788
  -1.95751580
  -2.40405593
  -2.06635006
  -1.92183973
  -1.90575033
  -2.12174012
  -2.31335206
  -1.97290463
  -1.88993770
  -1.92538418
  -2.35481375
  -2.08481691
  -1.91478311
  -1.88061871
  -1.97198874
  -2.39692391
  -1.98726475
  -1.87923559
  -1.88679405
  -2.19790041
  -2.19505683
  -1.92984103
  -1.85959396
  -1.90103674
  -2.32876791
  -2.05683832
  -1.88875827
  -1.85105302
  -1.92559048
  -2.36638614
  -1.98360455
  -1.86008595
  -1.84924800
  -1.97108085
  -2.34246442
  -1.93880132
  -1.83995240
  -1.84994491
  -2.11287126
  -2.20356661
  -1.90641206
  -1.82526223
  -1.85031673
  -2.19013755
  -2.11943871
  -1.88196361
  -1.81381941
  -1.84868434
  -2.22680144
  -2.07046734
  -1.86385049
  -1.80407378
  -1.84435427
  -2.23837003
  -2.04380330
  -1.85098913
  -1.79506508
  -1.83707850
  -2.23164719
  -2.03415551
  -1.84278186
  -1.78635070
  -1.82682892
  -2.20709953
  -2.04102770
  -1.83922783
  -1.77810622
  -1.81383446
  -2.15982979
  -2.06817708
  -1.84078425
  -1.77099332
  -1.79841287
  -2.07787327
  -2.12538657
  -1.84826370
  -1.76608862
  -1.78121852
  -1.93584078
  -2.23417527
  -1.86305127
  -1.76499147
  -1.76344242
  -1.83965654
  -2.28095893
  -1.88892897
  -1.76968801
  -1.74720132
  -1.80498655
  -2.23197822
  -1.93875706
  -1.78266450
  -1.73541366
  -1.77621507
  -2.10837450
  -2.03991431
  -1.80649334
  -1.73154279
  -1.74874295
  -1.84876223
  -2.25012754
  -1.84387944
  -1.73857200
  -1.72497452
  -1.78378655
  -2.21132037
  -1.91415079
  -1.76015090
  -1.71112553
  -1.74776381
  -2.01375492
  -2.08065046
  -1.79958366
  -1.71294321
  -1.71572461
  -1.78098079
  -2.22399128
  -1.86752574
  -1.73447756
  -1.69540839
  -1.73708190
  -2.02969869
  -2.03924618
  -1.77980912
  -1.69642410
  -1.70028446
  -1.76260596
  -2.20276953
  -1.86254398
  -1.72393638
  -1.67963974
  -1.71603610
  -1.92798986
  -2.10072484
  -1.78213046
  -1.68783080
  -1.67865408
  -1.73316245
  -2.13050477
  -1.90815854
