   0.00000000
   3.47340502
   3.69550495
   3.62567342
   3.50787974
   3.36774312
   3.38671755
   3.25139575
   3.28372922
   3.12998336
   3.10916061
   3.11302639
   3.09802689
   3.03286818
   2.98969026
   2.95206858
   2.91020544
   2.84982320
   2.84681955
   2.85472561
   2.86164155
   2.85572987
   2.79845892
   2.66133117
   2.73357860
   2.79723976
   2.74700948
   2.56572636
   2.70124224
   2.74585862
   2.55776471
   2.60348194
   2.71459752
   2.48192378
   2.61102764
   2.66147126
   2.40954262
   2.65017832
   2.52209841
   2.45378312
   2.62027200
   2.34322120
   2.61745250
   2.34544885
   2.55335750
   2.45528609
   2.40078646
   2.51275614
   2.31139467
   2.53561843
   2.26290134
   2.53705411
   2.23329375
   2.52827198
   2.21255767
   2.51428794
   2.19763124
   2.49542214
   2.19047738
   2.46679685
   2.19728907
   2.41863708
   2.22487302
   2.33492478
   2.28320070
   2.18717448
   2.40215092
   2.11466403
   2.43860286
   2.09292327
   2.41055393
   2.13106991
   2.28734564
   2.23460925
   2.08673225
   2.39426539
   2.04817962
   2.36572719
   2.11028337
   2.15151115
   2.29393598
   2.01730207
   2.36024673
   2.06155707
   2.15724771
   2.24488432
   1.98980705
   2.33135094
   2.05164791
   2.04720901
   2.30154367
   1.97035205
   2.26061557
   2.08826806
   1.96283890
   2.30964343
   1.99240587
   2.03503906
   2.25088067
   1.93803284
   2.19253838
   2.09148837
   1.91432145
   2.25393276
   2.00976826
   1.91574375
   2.26517983
   1.96001613
   1.92856752
   2.25337902
   1.92593078
   1.94229903
   2.23274789
   1.90192003
   1.97821705
   2.18447849
   1.88489989
   1.99249080
   2.15373938
   1.87298798
   1.97543462
   2.15031810
   1.86570145
   1.92626043
   2.17472994
   1.86333322
   1.87999668
   2.19043886
   1.86708105
   1.84601714
   2.18560077
   1.87900429
   1.81468268
   2.16598657
   1.90207753
   1.79439795
   2.11384141
   1.94450344
   1.79306292
   1.99521610
   2.03003826
   1.80493494
   1.82495962
   2.14676017
   1.83310665
   1.77187715
   2.11805209
   1.88465217
   1.76096165
   1.97947996
   1.99470845
   1.77957272
   1.78075713
   2.12075813
   1.82599181
   1.73739889
   2.03071657
   1.92060720
   1.75110795
   1.77452120
   2.10401380
   1.80026352
   1.71953032
   2.00818864
   1.90899558
   1.73700926
   1.74285164
   2.08521704
   1.80042213
   1.70527310
   1.90646771
   1.96297191
   1.73895028
   1.70003681
   2.03655988
   1.83518938
   1.70165527
   1.72722026
   2.06257544
   1.76904920
   1.68020206
   1.84459814
   1.96974157
   1.72454918
   1.66919138
   1.95706831
   1.86334182
   1.69358702
   1.66928241
   2.00559866
   1.80348326
   1.67188369
   1.67562337
   2.02142498
   1.76571007
   1.65613131
   1.68207323
   2.02217154
   1.74017114
   1.64408705
   1.68484602
   2.01712640
   1.72252574
   1.63436640
   1.68193203
   2.01021226
   1.71135018
   1.62619397
   1.67274466
   2.00294448
   1.70612330
   1.61932258
   1.65775406
   1.99452243
   1.70690238
   1.61402772
   1.63845859
   1.98208941
   1.71435035
   1.61106449
   1.61739152
   1.95903229
   1.73107285
   1.61165434
   1.59836142
   1.91354513
   1.76299759
   1.61760942
   1.58576441
   1.82452048
   1.82372246
   1.63131059
   1.57742824
   1.65927871
   1.94435513
   1.65536353
   1.57493872
   1.59612542
   1.94003533
   1.69294454
   1.58153406
   1.56763318
   1.85264972
   1.76371804
   1.60102727
   1.55580200
   1.63565033
   1.92590497
   1.63764847
   1.55518319
   1.56504681
   1.89769941
   1.69881543
   1.57137108
   1.54307137
   1.70832368
   1.84309793
   1.60996090
   1.53842533
   1.55530687
   1.89251316
   1.67785076
   1.55610992
   1.52939538
   1.66958203
   1.85053437
   1.60290891
   1.52664734
   1.53468585
   1.85162152
   1.69197410
   1.55368523
   1.51448469
   1.56030240
   1.90346022
   1.61780605
   1.52253235
   1.51301731
   1.72796367
   1.76897668
   1.57012588
   1.50415934
   1.51676833
   1.83414669
   1.67209578
   1.53561632
   1.49448749
   1.52896416
   1.87529705
   1.61753424
   1.51127553
   1.48990145
   1.55929415
   1.86995237
   1.58175828
   1.49405984
   1.48734148
   1.66551287
   1.77410567
   1.55533677
   1.48153876
   1.48496029
   1.72532470
   1.71585316
   1.53553640
   1.47198094
   1.48178650
   1.75534429
   1.68154909
   1.52112275
   1.46418436
   1.47750023
   1.76591201
   1.66265605
   1.51123119
   1.45741265
   1.47201324
   1.76150888
   1.65572755
   1.50538173
   1.45132282
   1.46531457
   1.74238527
   1.66043713
   1.50356289
   1.44601738
   1.45745893
   1.70528352
   1.67925967
   1.50612998
   1.44196039
   1.44849892
   1.64215139
   1.71875492
   1.51372431
   1.43995290
   1.43869100
   1.53532054
   1.79390840
   1.52733543
   1.44122025
   1.42867270
   1.46493200
   1.81959284
   1.54918689
   1.44733581
   1.41979587
   1.44454008
   1.77074796
   1.58692747
   1.46027917
   1.41414230
   1.42983983
   1.66828270
   1.65849683
   1.48213090
   1.41445580
   1.41545744
   1.47035547
   1.80483612
   1.51472631
   1.42339596
   1.40291134
   1.42851391
   1.75714435
   1.56893554
   1.44406367
   1.39693342
   1.41083647
   1.59625114
   1.68621154
   1.47918430
   1.40254639
   1.39419286
   1.42363376
   1.77387872
   1.53447637
   1.42375890
   1.38456787
   1.40185914
   1.60965876
   1.65690500
   1.46414716
   1.39024304
   1.38299861
   1.41075719
   1.75688604
   1.53093911
   1.41673043
   1.37373608
   1.38831450
   1.53215883
   1.69942287
   1.46779633
   1.38544836
   1.36914396
   1.39330576
   1.69416305
   1.56395851
