   0.00000000
   0.00000000
  -1.71770577
  -4.26598686
  -0.08946059
   0.00000000
  -0.61586713
  -6.01999747
  -4.91592696
  -3.36474210
  -0.99731879
  -0.74817224
  -0.32009988
  -1.49166686
  -3.51797948
  -4.17111748
  -4.09638131
  -3.82556398
  -2.61987345
  -1.45457016
  -0.67770416
  -1.17778422
  -2.14546800
  -3.28302663
  -3.31512191
  -2.98196117
  -1.88498735
  -1.70844546
  -1.66984184
  -1.92108652
  -2.58165033
  -3.06621758
  -3.35844223
  -3.60299273
  -3.34915385
  -3.41556756
  -3.58609306
  -3.56221884
  -3.42733050
  -2.49580335
  -3.33419536
  -3.81464399
  -3.64328752
  -4.07684476
  -4.47767227
  -4.91743956
  -4.93443578
  -4.44658765
  -4.35024175
  -4.38188343
  -3.58830748
  -3.36731148
  -3.11170205
  -3.08162169
  -3.25150407
  -3.35718864
  -3.60528882
  -3.48672623
  -3.86336046
  -3.87222677
  -3.75323181
  -3.66014737
  -4.03357675
  -4.26494574
  -4.37862274
  -4.23051194
  -4.01752037
  -4.08084999
  -4.16880862
  -4.16227779
  -4.12678218
  -4.16101611
  -4.22049506
  -4.14831096
  -3.86768266
  -3.79223753
  -3.96046315
  -3.49916902
  -4.49073486
  -2.95580256
  -2.52247376
  -2.82401323
  -2.38990511
  -2.13928954
  -2.03080291
  -2.17810475
  -2.73907982
  -2.82001209
  -3.13348921
  -3.40017768
  -3.73621304
  -3.55193969
  -3.46346764
  -3.70485425
  -3.48192559
  -3.30908580
  -3.48113867
  -2.87584051
  -3.14186352
  -2.89670904
  -3.15938985
  -3.09006735
  -3.30352771
  -3.03310498
  -3.39278692
  -3.02703341
  -3.40507627
  -2.94250391
  -3.34661532
  -2.85820321
  -3.32651135
  -2.70961076
  -2.97364103
  -2.72696423
  -2.51898008
  -2.97741669
  -2.59558900
  -2.76438193
  -2.87927903
  -2.57696725
  -3.06523595
  -2.68286500
  -2.99680620
  -2.89687801
  -2.84242198
  -3.13377368
  -2.82314281
  -3.23810170
  -2.85422426
  -3.30104080
  -2.91292210
  -3.33362062
  -2.93055434
  -3.30540402
  -2.86857106
  -3.26665504
  -2.74842261
  -3.22155905
  -2.71247210
  -3.05181467
  -2.79098478
  -2.67198761
  -3.06602915
  -2.62829555
  -3.08819592
  -2.76460251
  -2.97017966
  -2.94143596
  -2.78372289
  -3.11558626
  -2.68534083
  -3.15303935
  -2.66860436
  -3.01219967
  -2.77801138
  -2.68010306
  -3.07200010
  -2.59656619
  -2.99490912
  -2.73480563
  -2.68716220
  -3.01765133
  -2.56317062
  -3.04254068
  -2.61904927
  -2.59376394
  -3.00170866
  -2.55788893
  -2.93094371
  -2.73525048
  -2.62505360
  -3.03699121
  -2.58036792
  -2.97981108
  -2.68261278
  -2.76157791
  -3.29331662
  -2.61355060
  -2.46598615
  -2.75589450
  -2.31291810
  -2.19641932
  -2.55796456
  -2.46581912
  -2.24176355
  -2.42348139
  -2.70337885
  -2.35346510
  -2.51475644
  -2.82388143
  -2.44709044
  -2.78176253
  -2.72274788
  -2.51088335
  -2.99190594
  -2.60606544
  -2.66927242
  -2.97671338
  -2.56756124
  -3.02900061
  -2.62701566
  -2.67226219
  -2.95863468
  -2.52769992
  -2.96484444
  -2.63213155
  -2.54754842
  -2.98027077
  -2.48979558
  -2.68946422
  -2.78352369
  -2.42407536
  -2.81362022
  -2.59797953
  -2.38549287
  -2.84835228
  -2.50709532
  -2.36433218
  -2.83895633
  -2.46256386
  -2.34169529
  -2.82116453
  -2.42987712
  -2.30123313
  -2.76997986
  -2.42041457
  -2.25940970
  -2.65921320
  -2.47338585
  -2.24344908
  -2.38076657
  -2.69018897
  -2.27779961
  -2.31761830
  -3.14424823
  -2.88799427
  -2.71190575
  -2.74181060
  -2.46447155
  -2.02350034
  -1.87557294
  -1.85641329
  -1.98731233
  -2.29513410
  -1.93581410
  -1.82527341
  -1.83524063
  -2.17901611
  -2.10653023
  -1.85271011
  -1.80869982
  -1.87585131
  -2.50553018
  -2.28460090
  -2.16393953
  -2.07445267
  -2.15732438
  -2.40639440
  -2.06099690
  -1.94616211
  -1.99846519
  -2.00699171
  -2.32525303
  -2.33669859
  -2.00323597
  -1.98388990
  -2.67621438
  -1.87295890
  -1.42370912
  -1.17819172
  -1.20419134
  -0.89206814
   0.00000000
  -2.58621043
  -3.25637464
  -2.62323539
  -1.72922606
  -1.24825271
  -0.41710283
  -0.15765065
  -0.06316606
  -0.04008279
  -0.00370713
  -0.00098152
  -1.14716175
  -1.13408587
  -0.91205325
  -0.20837537
  -0.05786038
  -0.02889346
  -1.29079312
  -2.50974498
  -1.96476557
  -0.68072443
  -0.42299047
  -0.80004223
  -2.35580920
  -1.04718737
  -1.55695910
  -1.29738529
  -1.11086701
  -0.66325217
  -0.02098972
  -0.23763589
  -0.25780212
  -0.37978858
  -0.33742731
  -0.49789729
  -0.16542458
  -0.04700497
  -0.15826901
  -0.18485816
  -0.19895835
  -0.22001743
  -0.24163533
  -0.26966214
  -0.25938656
  -0.23249146
  -0.19994460
  -0.17373223
  -0.20763664
  -0.24591236
  -0.53156694
  -0.73074313
  -0.52140160
  -0.51907183
  -0.13482447
  -0.48999288
  -0.60355650
  -0.53614125
  -0.74276312
  -0.75833878
  -0.83466421
  -0.67893176
  -0.43332712
  -0.29203991
  -0.28854873
  -0.40358447
  -0.39282333
  -0.20740608
  -0.11085179
  -0.02199020
  -0.30606775
  -0.49668387
  -0.16771248
  -0.00010212
   0.00000000
  -0.00418039
  -0.13154479
  -0.18782245
  -0.06273057
  -0.00939819
  -0.01936011
  -0.32924411
  -0.02735505
  -0.17172978
  -0.15561380
  -0.07122054
   0.00000000
   0.00000000
   0.00000000
   0.00000000
   0.00000000
   0.00000000
   0.00000000
   0.00000000
   0.00000000
   0.00000000
   0.00000000
   0.00000000
   0.00000000
   0.00000000
   0.00000000
   0.00000000
   0.00000000
   0.00000000
   0.00000000
   0.00000000
   0.00000000
   0.00000000
   0.00000000
   0.00000000
   0.00000000
   0.00000000
   0.00000000
   0.00000000
   0.00000000
   0.00000000
   0.00000000
   0.00000000
   0.00000000
   0.00000000
   0.00000000
   0.00000000
   0.00000000
  -0.13611076
  -2.07506188
  -3.16107145
  -3.10089796
