   0.00000000
   0.00000000
   0.76661245
   2.76060583
   0.07789753
   0.00000000
   0.29040615
   3.52211501
   2.95828846
   2.48126257
   0.84825991
   0.66387701
   0.27959558
   0.99444501
   2.55746253
   2.85345979
   2.85617518
   2.73382445
   2.05627885
   1.22166438
   0.58806469
   0.81045440
   1.68956786
   2.50977041
   2.41746748
   2.28037263
   1.53577689
   1.44912187
   1.38888047
   1.52579513
   1.98846585
   2.26120557
   2.44950099
   2.63459609
   2.45897552
   2.53989564
   2.63525826
   2.56076435
   2.53366554
   1.81966807
   2.54848404
   2.69598677
   2.60268600
   2.85349825
   3.00129809
   3.19379932
   3.17466014
   2.99681358
   2.96213175
   2.90633427
   2.55518212
   2.47144975
   2.28322629
   2.37802669
   2.40145253
   2.48172475
   2.64391925
   2.52079519
   2.74618992
   2.76911482
   2.71265992
   2.61989533
   2.81764217
   2.93029451
   2.97048858
   2.91000622
   2.82537191
   2.86813919
   2.89491432
   2.89040612
   2.87798293
   2.88791630
   2.90646870
   2.86849305
   2.65061435
   2.69010009
   2.64566412
   2.36796801
   2.49943016
   2.16499126
   1.89641167
   1.86940665
   1.97268245
   1.76591393
   1.65045878
   1.72204296
   2.12261927
   2.16464872
   2.31451141
   2.49172016
   2.71481658
   2.57955903
   2.53246196
   2.70501062
   2.54047464
   2.44854337
   2.55434804
   2.17486986
   2.38863765
   2.22640982
   2.37852378
   2.33391092
   2.47020470
   2.28695236
   2.53835310
   2.27197107
   2.55266337
   2.21669760
   2.51886362
   2.15858755
   2.45157246
   2.06093871
   2.25977657
   2.13238230
   1.95725573
   2.31760263
   2.02352629
   2.12268670
   2.24297641
   1.98840889
   2.35887285
   2.07819194
   2.28386809
   2.23481236
   2.15728460
   2.40293714
   2.14209484
   2.46700135
   2.16167650
   2.50270182
   2.19639832
   2.51965509
   2.20628997
   2.49839933
   2.16553276
   2.46123024
   2.10516581
   2.43005684
   2.09236560
   2.30590154
   2.16914642
   2.05249324
   2.36274725
   2.02988415
   2.36349915
   2.13625053
   2.25761084
   2.26848457
   2.11805320
   2.39276512
   2.05979408
   2.39903167
   2.06806992
   2.29330582
   2.16122557
   2.04534794
   2.35283261
   2.01607238
   2.30310922
   2.12849565
   2.05868205
   2.33473195
   1.98626996
   2.30759445
   2.05651269
   2.00384255
   2.32440932
   1.99048883
   2.25244208
   2.13537639
   2.01797758
   2.34535501
   2.00336594
   2.27469287
   2.09804272
   1.98710739
   2.31559292
   1.96680326
   1.87978348
   2.17929164
   1.86024269
   1.74534315
   2.02236613
   1.97227197
   1.77858623
   1.89466133
   2.14013061
   1.86005138
   1.95034693
   2.21900641
   1.91739534
   2.14690153
   2.13645887
   1.94696363
   2.30444081
   2.03991669
   2.05260410
   2.31285770
   1.98618283
   2.32289792
   2.05454574
   2.04847120
   2.29614264
   1.96662977
   2.27469695
   2.06719904
   1.96872057
   2.29619019
   1.95655688
   2.06744173
   2.17953411
   1.90197867
   2.16459542
   2.05410139
   1.87035987
   2.19415654
   1.99221976
   1.85467012
   2.19595915
   1.96000528
   1.83886257
   2.18167383
   1.93802971
   1.81273640
   2.14110150
   1.93582076
   1.78941625
   2.05458567
   1.97676211
   1.78662471
   1.86241434
   2.11115436
   1.79941331
   1.75777643
   2.14705501
   1.92230764
   1.80081347
   1.94335747
   1.92162219
   1.66892066
   1.54528927
   1.51635049
   1.61365891
   1.88176204
   1.58781010
   1.48758944
   1.48259538
   1.75870947
   1.72406266
   1.51837622
   1.47155590
   1.50052230
   1.88514317
   1.66640423
   1.55607562
   1.51069813
   1.59496751
   1.82674139
   1.56464534
   1.44027734
   1.39711552
   1.37545505
   1.58642568
   1.63656700
   1.42250671
   1.33122970
   1.30962496
   1.09023256
   1.00813390
   1.00484226
   1.04361606
   0.77384761
   0.00000000
   2.20018957
   2.88704109
   2.42336757
   1.64129624
   1.20220567
   0.40200503
   0.15020786
   0.05931736
   0.03696472
   0.00337455
   0.00086701
   1.02438006
   1.04019788
   0.85170828
   0.19538692
   0.05400718
   0.02670368
   1.20149276
   2.40678171
   1.96160305
   0.69866901
   0.43877199
   0.81669134
   2.41567665
   1.02830012
   1.51046543
   1.07414469
   0.80929849
   0.45646003
   0.01396661
   0.16072461
   0.17739634
   0.27318190
   0.25174821
   0.46217448
   0.12234707
   0.03551917
   0.19358071
   0.24835513
   0.27808142
   0.30653365
   0.33555572
   0.37298261
   0.35724448
   0.31853103
   0.27241584
   0.23516439
   0.27941549
   0.32937783
   0.71734278
   1.00143564
   0.72577968
   0.73134092
   0.19220341
   0.70032026
   0.87016580
   0.78136768
   1.09518135
   1.14258440
   1.29815866
   1.08745269
   0.71340685
   0.49466275
   0.47846389
   0.64001979
   0.55943947
   0.23487678
   0.12735867
   0.02569657
   0.36373009
   0.63216056
   0.20785898
   0.00012691
   0.00000000
   0.00845122
   0.26063038
   0.34176171
   0.10964492
   0.01647918
   0.03393732
   0.55535743
   0.04537861
   0.28783003
   0.26113277
   0.11922896
   0.00000000
   0.00000000
   0.00000000
   0.00000000
   0.00000000
   0.00000000
   0.00000000
   0.00000000
   0.00000000
   0.00000000
   0.00000000
   0.00000000
   0.00000000
   0.00000000
   0.00000000
   0.00000000
   0.00000000
   0.00000000
   0.00000000
   0.00000000
   0.00000000
   0.00000000
   0.00000000
   0.00000000
   0.00000000
   0.00000000
   0.00000000
   0.00000000
   0.00000000
   0.00000000
   0.00000000
   0.00000000
   0.00000000
   0.00000000
   0.00000000
   0.00000000
   0.00000000
   0.11465577
   1.68296187
   2.52441467
   2.47877196
