   0.00000000
   0.00000000
   0.76652055
   2.75875722
   0.07488187
   0.00000000
   0.44478549
   3.51425562
   3.18696951
   2.70939490
   1.10139327
   0.41392918
   0.10547106
   0.76640353
   2.40222890
   2.93602585
   2.88403182
   2.63845654
   2.32324882
   1.30714848
   0.68130358
   0.69180801
   1.13090990
   2.63063056
   2.42299684
   2.43108504
   1.57219035
   1.15129450
   1.53412622
   1.66674415
   2.14872661
   2.24634709
   2.54361180
   2.67609922
   2.55143684
   2.50317598
   2.69434276
   2.68835134
   2.40957870
   2.05797567
   2.45068095
   2.79000405
   2.69125948
   2.83398874
   3.07939973
   3.12580750
   3.16741850
   3.06647663
   3.02819103
   2.80102250
   2.64111463
   2.57900597
   2.25502356
   2.36037778
   2.47981327
   2.62381969
   2.43900594
   2.71251576
   2.82530375
   2.78375059
   2.54447233
   2.75542887
   2.87847787
   2.94908344
   2.97788982
   2.93155522
   2.86581551
   2.88975941
   2.90527824
   2.90324053
   2.88949426
   2.90477343
   2.92953147
   2.89727601
   2.67163810
   2.67577559
   2.70701853
   2.34237707
   2.58025782
   2.15793457
   1.91765121
   2.04655576
   1.97749744
   1.75723053
   1.68556652
   1.80316472
   2.26659638
   2.09762507
   2.50614674
   2.47023483
   2.68852549
   2.73315158
   2.60705833
   2.55611365
   2.69618545
   2.53230996
   2.39633121
   2.41852198
   2.23991740
   2.29865167
   2.40831225
   2.43218530
   2.36360937
   2.54414937
   2.30659457
   2.59611358
   2.28783608
   2.54081022
   2.27262028
   2.46362815
   2.17509724
   2.39477419
   2.01812738
   2.32078446
   2.08181812
   2.03087606
   2.34807207
   2.01561953
   2.35136899
   2.08858196
   2.22022788
   2.28908103
   2.13291942
   2.44388171
   2.14555550
   2.48108895
   2.17100983
   2.51212254
   2.20437810
   2.53734150
   2.24898611
   2.54018970
   2.28515856
   2.48217163
   2.30448472
   2.38604021
   2.19891784
   2.41882711
   2.10952958
   2.42220159
   2.06441291
   2.37727381
   2.11664285
   2.24149961
   2.28758126
   2.13944698
   2.43435277
   2.13028994
   2.45262877
   2.11004998
   2.44164087
   2.09994032
   2.38329696
   2.15282224
   2.22630073
   2.26525738
   2.05821812
   2.39581130
   2.06339495
   2.35677023
   2.13757043
   2.19149422
   2.26377886
   2.02258983
   2.36092789
   2.03632234
   2.23229312
   2.20268392
   2.04365950
   2.38361362
   2.04234435
   2.35277008
   2.11627070
   2.16123119
   2.27089458
   2.00514220
   2.33831854
   2.02641221
   1.90215362
   2.19821872
   1.89964184
   1.77444660
   2.07588045
   1.98046393
   1.80712333
   2.05924985
   2.07133443
   1.88247536
   2.19834962
   2.08382822
   1.96104715
   2.32932056
   2.02424941
   2.20750803
   2.20555310
   2.03153411
   2.38554924
   2.05175117
   2.33839285
   2.13120061
   2.12259757
   2.31338930
   2.01447728
   2.36103175
   2.05336146
   2.18374348
   2.20736822
   1.97731709
   2.32289363
   2.01223246
   2.03251032
   2.26461831
   1.93452116
   2.21085849
   2.06540583
   1.90874048
   2.25843780
   1.98180337
   1.91745230
   2.25519682
   1.92931643
   1.93284643
   2.22356744
   1.88629724
   1.93537713
   2.18132198
   1.85928590
   1.89105925
   2.17860920
   1.85067699
   1.84917913
   2.17480316
   1.85202909
   1.79536076
   2.17783481
   1.96015575
   1.84817607
   2.08320269
   1.90197221
   1.67787857
   1.57650540
   1.56641959
   1.87746493
   1.73882309
   1.55934153
   1.51974353
   1.63966377
   1.88965172
   1.59290994
   1.51972496
   1.54311148
   1.90496303
   1.67803221
   1.58368939
   1.56645766
   1.85324797
   1.77859337
   1.57992482
   1.48945992
   1.46162104
   1.59776178
   1.76429398
   1.52956001
   1.40248614
   1.33247986
   1.31554624
   1.49784903
   1.50511025
   1.26675375
   1.13448251
   1.06190414
   0.98145956
   0.26322069
   0.00000000
   1.65400210
   3.04926114
   1.85014753
   1.29900153
   0.28777912
   0.14530952
   0.10982917
   0.11561477
   0.13782339
   0.31961946
   0.60512774
   2.06474046
   1.58939270
   0.33128479
   0.16024374
   0.11860832
   0.10399213
   2.20329277
   1.40638395
   0.24438032
   1.65452790
   1.84042896
   1.00458568
   0.90682821
   3.11446930
   1.31651144
   0.98663338
   0.83373360
   0.55994084
   0.34014637
   0.22278167
   0.28204033
   0.33631319
   0.93266571
   0.64970760
   0.10777891
   0.00000000
   0.00000000
   0.00000000
   0.00000000
   0.10465961
   0.38120915
   0.33879766
   0.30771687
   0.23029817
   0.21079012
   0.31299822
   0.31633492
   0.68138428
   0.96257223
   0.70057557
   0.70858766
   0.18427185
   0.70035077
   0.85967018
   0.77820889
   1.09563240
   1.14889640
   1.34492686
   1.09172042
   0.59630368
   0.21482617
   0.06779875
   0.71151518
   0.61068458
   0.20722593
   0.09451325
   0.00000000
   0.46397851
   0.33017167
   0.04151054
   0.00130364
   0.10916554
   0.35929003
   0.53495878
   0.50255980
   0.21368412
   0.03974590
   0.06111809
   0.68949056
   0.07247493
   0.30617359
   0.38707057
   0.07902343
   0.00000000
   0.00000000
   0.00000000
   0.00000000
   0.00000000
   0.00000000
   0.00000000
   0.00000000
   0.00000000
   0.00000000
   0.00000000
   0.00000000
   0.00000000
   0.00000000
   0.00000000
   0.00000000
   0.00000000
   0.00000000
   0.00000000
   0.00000000
   0.00000000
   0.00000000
   0.00000000
   0.00000000
   0.00000000
   0.00000000
   0.00000000
   0.00000000
   0.00000000
   0.00000000
   0.00000000
   0.00000000
   0.00000000
   0.00000000
   0.00000000
   0.00000000
   0.00000000
   0.00000000
   0.00000000
   0.00000000
   0.79391353
