   0.00000000
   0.00000000
  -1.71797557
  -4.26715297
  -0.08598061
   0.00000000
  -0.99264741
  -6.21672464
  -5.32719116
  -3.64702296
  -1.29268049
  -0.46624176
  -0.13714725
  -1.21345059
  -3.45508899
  -4.36749788
  -4.17452751
  -3.73578557
  -2.97881584
  -1.54894933
  -0.78547782
  -1.12669646
  -1.49639074
  -3.51379931
  -3.34189236
  -3.20035363
  -1.92624434
  -1.37298104
  -1.88874176
  -2.10332947
  -2.79218776
  -3.06718125
  -3.51394018
  -3.68190748
  -3.49542061
  -3.38703533
  -3.68008007
  -3.77043190
  -3.28109553
  -2.82476563
  -3.21571723
  -3.98864513
  -3.80496596
  -4.08760674
  -4.62400060
  -4.84298223
  -4.99058931
  -4.56783157
  -4.49065136
  -4.24553458
  -3.70472156
  -3.57063330
  -3.05653053
  -3.10115489
  -3.33220630
  -3.58125225
  -3.34452009
  -3.74548377
  -4.00417250
  -3.92476998
  -3.52683168
  -3.84592858
  -4.14173681
  -4.31579391
  -4.41320585
  -4.28196918
  -4.09312877
  -4.12963967
  -4.20536959
  -4.20137643
  -4.16061912
  -4.20289710
  -4.27371805
  -4.20754876
  -3.92359645
  -3.77151190
  -4.08234187
  -3.49000257
  -4.69753085
  -2.91576212
  -2.55190208
  -3.07789909
  -2.38889752
  -2.13028035
  -2.08016831
  -2.29232134
  -2.91243107
  -2.76055120
  -3.40068516
  -3.41478791
  -3.71954016
  -3.77043573
  -3.60693517
  -3.51378281
  -3.69018479
  -3.48381312
  -3.23293637
  -3.25799274
  -2.91558347
  -3.03464077
  -3.17833289
  -3.26906786
  -3.15132237
  -3.41346581
  -3.08396522
  -3.48106552
  -3.06985772
  -3.38381117
  -3.04132453
  -3.26685595
  -2.94986566
  -3.20536043
  -2.62220436
  -3.00952695
  -2.66098216
  -2.63909526
  -3.02436050
  -2.61621966
  -3.06247800
  -2.69224750
  -2.91474604
  -2.96514965
  -2.80781565
  -3.19648968
  -2.83109806
  -3.26339623
  -2.86954631
  -3.31983514
  -2.92422703
  -3.36429265
  -3.00257418
  -3.37457878
  -3.06023766
  -3.28678455
  -3.09766773
  -3.14392389
  -2.91547169
  -3.18396228
  -2.77517710
  -3.19087558
  -2.67963785
  -3.11834462
  -2.73104506
  -2.94391179
  -2.96540788
  -2.81779268
  -3.18145875
  -2.80576663
  -3.21723243
  -2.76520092
  -3.21768119
  -2.72975046
  -3.14969596
  -2.78154121
  -2.94132308
  -2.93785279
  -2.68500481
  -3.12522903
  -2.67596436
  -3.08214081
  -2.76222459
  -2.88597622
  -2.92853578
  -2.62873718
  -3.09416332
  -2.61425782
  -2.91715358
  -2.82912434
  -2.66405214
  -3.09366229
  -2.64932776
  -3.08551474
  -2.72457982
  -2.83768409
  -2.94404258
  -2.75203168
  -3.37541292
  -2.70477796
  -2.49282859
  -2.78616827
  -2.36906527
  -2.24120995
  -2.63302493
  -2.48494546
  -2.29178871
  -2.64275931
  -2.61884973
  -2.40562343
  -2.84443401
  -2.65208310
  -2.53546285
  -3.01109789
  -2.60121637
  -2.89146971
  -2.83280682
  -2.64294992
  -3.09935497
  -2.65970174
  -3.06604818
  -2.74410993
  -2.78344914
  -2.99451977
  -2.61015090
  -3.08389097
  -2.63693101
  -2.86226229
  -2.83617572
  -2.55588079
  -3.04069712
  -2.56509802
  -2.63696283
  -2.91223426
  -2.47504671
  -2.88484264
  -2.61911919
  -2.44744175
  -2.92746824
  -2.50702660
  -2.46483545
  -2.90648153
  -2.44197167
  -2.49280319
  -2.84923312
  -2.38413103
  -2.49820493
  -2.77881869
  -2.34382599
  -2.43220399
  -2.77211548
  -2.32627464
  -2.36217777
  -2.78627889
  -2.34709732
  -2.36407966
  -3.16225777
  -3.00781643
  -2.85525271
  -2.93856002
  -2.40826435
  -2.03285590
  -1.92407163
  -1.93002964
  -2.30787861
  -2.12386843
  -1.91387585
  -1.88216083
  -2.04408914
  -2.32544673
  -1.95048580
  -1.87352958
  -1.92219296
  -2.36893937
  -2.19098498
  -2.24277258
  -2.27668726
  -2.59544959
  -2.38443333
  -2.09754347
  -2.00962531
  -2.03733809
  -2.27618454
  -2.52637254
  -2.21079376
  -1.98840092
  -1.90395050
  -1.98433674
  -2.78708801
  -2.27364059
  -1.76796511
  -1.35732175
  -1.21885978
  -1.13104044
  -0.30431270
   0.00000000
  -1.97846848
  -3.45514899
  -1.99848218
  -1.37294769
  -0.30455229
  -0.15571147
  -0.11999237
  -0.12859852
  -0.15574845
  -0.36647432
  -0.69655205
  -2.34367076
  -1.74571481
  -0.36050004
  -0.17569455
  -0.13159808
  -0.11656132
  -2.42119886
  -1.47442077
  -0.25392692
  -1.67490616
  -1.82517527
  -0.99835358
  -0.91198016
  -3.14360254
  -1.58401552
  -1.39069877
  -1.20745078
  -0.85717351
  -0.52504678
  -0.33510617
  -0.37992988
  -0.37628515
  -0.79154602
  -0.52741715
  -0.10160416
   0.00000000
   0.00000000
   0.00000000
   0.00000000
  -0.07432188
  -0.27074015
  -0.24062671
  -0.21903774
  -0.16444775
  -0.15109236
  -0.22501360
  -0.22838648
  -0.49025628
  -0.68183408
  -0.48791439
  -0.48732903
  -0.12562427
  -0.47503727
  -0.57741472
  -0.51635457
  -0.71656740
  -0.73548645
  -0.83788982
  -0.66118557
  -0.35263386
  -0.12309774
  -0.03660262
  -0.39011289
  -0.33054364
  -0.10598438
  -0.04610398
   0.00000000
  -0.24140257
  -0.17232823
  -0.02255571
  -0.00092708
  -0.07385204
  -0.24355418
  -0.37363905
  -0.36614731
  -0.16076708
  -0.02951139
  -0.04502747
  -0.46164482
  -0.05249695
  -0.20414875
  -0.25292687
  -0.05343307
   0.00000000
   0.00000000
   0.00000000
   0.00000000
   0.00000000
   0.00000000
   0.00000000
   0.00000000
   0.00000000
   0.00000000
   0.00000000
   0.00000000
   0.00000000
   0.00000000
   0.00000000
   0.00000000
   0.00000000
   0.00000000
   0.00000000
   0.00000000
   0.00000000
   0.00000000
   0.00000000
   0.00000000
   0.00000000
   0.00000000
   0.00000000
   0.00000000
   0.00000000
   0.00000000
   0.00000000
   0.00000000
   0.00000000
   0.00000000
   0.00000000
   0.00000000
   0.00000000
   0.00000000
   0.00000000
   0.00000000
  -0.97042634
