    0.044
    0.044
    0.044
    0.044
    0.044
    0.044
    0.044
    0.044
    0.044
    0.044
    0.044
    0.044
    0.044
    0.044
    0.044
    0.044
    0.044
    0.044
    0.045
    0.045
    0.045
    0.045
    0.045
    0.045
    0.045
    0.045
    0.045
    0.045
    0.045
    0.045
    0.045
    0.045
    0.045
    0.045
    0.045
    0.045
    0.045
    0.045
    0.045
    0.045
    0.045
    0.046
    0.046
    0.046
    0.046
    0.046
    0.046
    0.046
    0.046
    0.046
    0.046
    0.046
    0.046
    0.046
    0.046
    0.046
    0.046
    0.046
    0.046
    0.046
    0.046
    0.046
    0.046
    0.046
    0.046
    0.046
    0.046
    0.047
    0.047
    0.047
    0.047
    0.047
    0.047
    0.047
    0.047
    0.047
    0.047
    0.047
    0.047
    0.047
    0.047
    0.047
    0.047
    0.047
    0.047
    0.047
    0.047
    0.047
    0.047
    0.047
    0.047
    0.047
    0.047
    0.047
    0.047
    0.047
