  0.00000
 10.02896
  7.54864
  5.94646
  4.81999
  3.99291
  3.38052
  2.93643
  2.61591
  2.36010
  2.13486
  1.95907
  1.81805
  1.70366
  1.61000
  1.53395
  1.47136
  1.42154
  1.38169
  1.34935
  1.32338
  1.30338
  1.28800
  1.27645
  1.26925
  1.35458
  1.47429
  1.45348
  1.43898
  1.42919
  1.42309
  1.42029
  1.42038
  1.42304
  1.42806
  1.43519
  1.69813
  1.70838
  1.68772
  1.67271
  1.66175
  1.65416
  1.65093
  1.65285
  1.65740
  1.66433
  1.85758
  1.91360
  1.88481
  1.85758
  1.83952
  1.82472
  1.81469
  1.81016
  1.81151
  1.81673
  1.82417
  1.96078
  2.04929
  2.01929
  1.99222
  1.96760
  1.94505
  1.92434
  1.90511
  1.88837
  1.87540
  1.86404
  1.85423
  1.92269
  2.04219
  2.00161
  1.96459
  1.93152
  1.90212
  1.87605
  1.85306
  1.83309
  1.81612
  1.80153
  1.79064
  1.78364
  1.85330
  1.98387
  1.95038
  1.92034
  1.89469
  1.87260
  1.85359
  1.83754
  1.82404
  1.81282
  1.80382
  1.79692
  1.79185
  1.78842
