  0.00000
-21.44573
-16.14921
-12.73043
-10.31545
 -8.52651
 -7.17580
 -6.16877
 -5.42444
 -4.82574
 -4.31558
 -3.89542
 -3.55116
 -3.26735
 -3.03136
 -2.83652
 -2.67396
 -2.54023
 -2.42994
 -2.33838
 -2.26284
 -2.20206
 -2.15305
 -2.11382
 -2.08439
 -2.19802
 -2.36775
 -2.32040
 -2.28457
 -2.25777
 -2.23777
 -2.22437
 -2.21671
 -2.21410
 -2.21632
 -2.22262
 -2.60476
 -2.61526
 -2.57962
 -2.55311
 -2.53298
 -2.51842
 -2.51065
 -2.51026
 -2.51414
 -2.52224
 -2.80027
 -2.87882
 -2.83313
 -2.77199
 -2.74508
 -2.72295
 -2.70736
 -2.70328
 -2.71997
 -2.75045
 -2.78853
 -3.01929
 -3.18016
 -3.16291
 -3.14826
 -3.13513
 -3.12284
 -3.11109
 -3.09900
 -3.08837
 -3.08038
 -3.07258
 -3.06539
 -3.17407
 -3.35930
 -3.29665
 -3.23793
 -3.18392
 -3.13427
 -3.08865
 -3.04680
 -3.00884
 -2.97503
 -2.94438
 -2.91887
 -2.89851
 -2.99123
 -3.17540
 -3.11197
 -3.05398
 -3.00328
 -2.95804
 -2.91756
 -2.88222
 -2.85098
 -2.82338
 -2.79978
 -2.77994
 -2.76320
 -2.74923
