   0.00000000
  -7.90525430
  -6.42914588
  -5.49037183
  -5.19367217
  -4.74316795
  -4.54703779
  -4.39053603
  -4.26477280
  -4.17004221
  -4.05559922
  -3.84787937
  -3.70717987
  -3.84470659
  -3.74800287
  -3.41690181
  -3.67344089
  -3.52829524
  -3.29982044
  -3.57037656
  -3.13961502
  -3.48724358
  -3.09401727
  -3.37783482
  -3.06319706
  -3.28512112
  -2.99534635
  -3.24443224
  -2.89803529
  -3.23937468
  -2.80463500
  -3.22738500
  -2.74952726
  -3.15523132
  -2.77929601
  -2.90295964
  -2.95478562
  -2.64632864
  -3.09414178
  -2.63645034
  -2.85813190
  -2.83566231
  -2.54530067
  -3.00196937
  -2.59924751
  -2.55841819
  -2.95951091
  -2.49364645
  -2.67599543
  -2.78953555
  -2.43012250
  -2.75600269
  -2.64771642
  -2.38509683
  -2.75423856
  -2.58487204
  -2.34938450
  -2.69860828
  -2.57482265
  -2.32107031
  -2.57218135
  -2.63098165
  -2.30374490
  -2.36587632
  -2.75274630
  -2.30568063
  -2.26654193
  -2.73400035
  -2.34105524
  -2.21389908
  -2.56796240
  -2.46685360
  -2.20973520
  -2.23828497
  -2.68008593
  -2.25675072
  -2.15482913
  -2.49097852
  -2.43315974
  -2.16244514
  -2.14805713
  -2.61111389
  -2.25709054
  -2.10877809
  -2.17311976
  -2.59784808
  -2.17412235
  -2.07451368
  -2.22403069
  -2.52592439
  -2.12130214
  -2.04792564
  -2.29055662
  -2.42193176
  -2.08649036
  -2.02329166
  -2.26471380
  -2.40054283
  -2.06562174
  -1.99867527
  -2.14692316
  -2.46103800
  -2.05896480
  -1.97553498
  -2.05184131
  -2.48121417
  -2.07000455
  -1.95821928
  -1.98535298
  -2.43406439
  -2.11115880
  -1.95387597
  -1.93716782
  -2.25128513
  -2.24650248
  -1.97319479
  -1.90675031
  -1.97250695
  -2.41602247
  -2.02806668
  -1.90113844
  -1.89792979
  -2.21306935
  -2.20310109
  -1.93550056
  -1.86451803
  -1.90861015
  -2.35157095
  -2.03210260
  -1.87689117
  -1.84573330
  -1.92934160
  -2.36213767
  -1.95503411
  -1.83864132
  -1.83385640
  -2.00664261
  -2.27553671
  -1.90797094
  -1.81130333
  -1.82120849
  -2.07397253
  -2.18182931
  -1.87763245
  -1.78966249
  -1.80439337
  -2.05652267
  -2.16328376
  -1.86113842
  -1.77183371
  -1.78276396
  -1.95620055
  -2.21806201
  -1.85832547
  -1.75852978
  -1.75737458
  -1.83478038
  -2.27768018
  -1.87137812
  -1.75284118
  -1.73126410
  -1.78725156
  -2.22392363
  -1.91315797
  -1.76026585
  -1.71011442
  -1.74618804
  -2.04687445
  -2.04399554
  -1.78793062
  -1.70152113
  -1.70550439
  -1.77004180
  -2.22245736
  -1.84447519
  -1.71461441
  -1.67548050
  -1.71536196
  -2.00346128
  -2.02250711
  -1.76087579
  -1.67086898
  -1.66729609
  -1.72145557
  -2.15141300
  -1.86193939
  -1.70488819
  -1.64415050
  -1.66453346
  -1.72584992
  -2.18559137
  -1.79096708
  -1.66674579
  -1.62584753
  -1.65958028
  -1.76098054
  -2.14864361
  -1.75070476
  -1.64026593
  -1.61057065
  -1.64974026
  -1.81583922
  -2.07429000
  -1.72704529
  -1.62171353
  -1.59532723
  -1.63485951
  -1.77779186
  -2.08101595
  -1.71726565
  -1.60979483
  -1.57938345
  -1.61527256
  -1.67030015
  -2.14296230
  -1.72208030
  -1.60545599
  -1.56409429
  -1.59147815
  -1.64066923
  -2.10036541
  -1.74799909
  -1.61151663
  -1.55259781
  -1.56474176
  -1.61250521
  -1.98683441
  -1.82578178
  -1.63250794
  -1.54963169
  -1.53879461
  -1.58015463
  -1.67547526
  -2.06954743
  -1.67346706
  -1.56184955
  -1.52066366
  -1.54405985
  -1.59006113
  -2.00065598
  -1.76717249
  -1.59736119
  -1.51962492
  -1.51078218
  -1.55057558
  -1.59481720
  -2.08393695
  -1.66427322
  -1.54553786
  -1.49476939
  -1.50814776
  -1.55201921
  -1.82477169
  -1.87252293
  -1.60905691
  -1.51067355
  -1.47894291
  -1.50506979
  -1.54825696
  -1.92903722
  -1.76073901
  -1.57105149
  -1.48642324
  -1.46679132
  -1.49887551
  -1.54087320
  -1.96404032
  -1.71007645
  -1.54697063
  -1.46912422
  -1.45481284
  -1.48842754
  -1.52956771
  -1.95987722
  -1.69320173
  -1.53371421
  -1.45652961
  -1.44164883
  -1.47399077
  -1.51475423
  -1.92073618
  -1.70665533
  -1.53130901
  -1.44876124
  -1.42765723
  -1.45586112
  -1.49641849
  -1.82591581
  -1.76717894
  -1.54082052
  -1.44751681
  -1.41464074
  -1.43457228
  -1.47444268
  -1.60807540
  -1.93165925
  -1.56563864
  -1.45619814
  -1.40606812
  -1.41166249
  -1.44874531
  -1.48556565
  -1.95119795
  -1.62333611
  -1.47966029
  -1.40665118
  -1.39117297
  -1.41967182
  -1.45840675
  -1.72400715
  -1.79652268
  -1.52247440
  -1.42284362
  -1.38007183
  -1.38958792
  -1.42611017
  -1.46162313
  -1.92237033
  -1.61215634
  -1.46276422
  -1.38667834
  -1.36636849
  -1.39061938
  -1.42826257
  -1.50046967
  -1.94707355
  -1.53468354
  -1.42090244
  -1.36318491
  -1.35829404
  -1.38930093
  -1.42624415
  -1.69745383
  -1.76578051
  -1.49131219
  -1.39220931
  -1.34655364
  -1.35103849
  -1.38445899
  -1.42013940
  -1.77305119
  -1.68612554
  -1.46493197
  -1.37285669
  -1.33341750
  -1.34211423
  -1.37598020
  -1.41071603
  -1.78344628
  -1.66109688
  -1.45096912
  -1.36073106
  -1.32214979
  -1.33074127
  -1.36399902
  -1.39848148
  -1.74049136
  -1.68062310
  -1.44858035
  -1.35537903
  -1.31260628
  -1.31704910
  -1.34866032
  -1.38338495
  -1.62255038
  -1.76208169
  -1.45931810
  -1.35796765
  -1.30607534
  -1.30201381
  -1.33015892
  -1.36497391
  -1.39029210
  -1.93091332
  -1.49054978
  -1.37099874
  -1.30516859
  -1.28790220
  -1.30904492
  -1.34288667
  -1.37314279
  -1.81730012
  -1.57126089
  -1.39750299
  -1.31402531
  -1.27864895
  -1.28683959
  -1.31780614
  -1.35114261
  -1.52085365
  -1.79790014
  -1.42589783
  -1.31878784
  -1.25323357
  -1.24773498
  -1.27849649
  -1.31796313
  -1.35028636
  -1.77382562
