   0.00000000
   3.41077548
   3.56732283
   3.30494359
   3.28612724
   3.08427707
   3.01832082
   2.96381401
   2.91880133
   2.88646314
   2.83042512
   2.70687647
   2.63540428
   2.75037711
   2.68625682
   2.46910162
   2.67148680
   2.56233529
   2.42249647
   2.62012885
   2.31319239
   2.58335088
   2.28702989
   2.52184851
   2.27437703
   2.46671101
   2.23420030
   2.44703845
   2.17297437
   2.44958925
   2.11637782
   2.44187532
   2.09025478
   2.38451198
   2.13014944
   2.19587875
   2.26845633
   2.01988828
   2.36094828
   2.03343093
   2.17380453
   2.19421820
   1.95804360
   2.29728764
   2.02263330
   1.96568967
   2.28390389
   1.94138046
   2.05306505
   2.17217847
   1.89323490
   2.11556705
   2.07585346
   1.86121391
   2.11843695
   2.03394277
   1.83841933
   2.07955418
   2.02950510
   1.82311854
   1.98827829
   2.07051350
   1.81756081
   1.84064919
   2.15381068
   1.82765612
   1.77534981
   2.12644545
   1.86381985
   1.74659715
   1.99202844
   1.96051019
   1.75576423
   1.75507564
   2.09840798
   1.80365918
   1.70663485
   1.93814471
   1.93894811
   1.72701087
   1.69531005
   2.03960434
   1.81245849
   1.68276439
   1.70962232
   2.04595173
   1.74801266
   1.65484194
   1.74668616
   2.00248336
   1.70728872
   1.63434609
   1.79510325
   1.93201916
   1.68165330
   1.61692745
   1.77693291
   1.91728295
   1.66792303
   1.60102961
   1.69241407
   1.95769350
   1.66622676
   1.58745744
   1.62428810
   1.96482472
   1.67922782
   1.57923045
   1.58115359
   1.91556052
   1.71484564
   1.58172267
   1.55359653
   1.76988903
   1.81121118
   1.60321536
   1.53878807
   1.56867650
   1.91392310
   1.65301736
   1.54235488
   1.52508231
   1.74289620
   1.78067616
   1.57728734
   1.51018884
   1.52549556
   1.85784731
   1.65962832
   1.52905049
   1.49268245
   1.53571244
   1.88182548
   1.59970847
   1.49779035
   1.48116285
   1.59215038
   1.82737816
   1.56230497
   1.47607269
   1.47025475
   1.64149343
   1.76347330
   1.53892128
   1.45976198
   1.45777089
   1.62892091
   1.75012117
   1.52729396
   1.44730418
   1.44320947
   1.55561225
   1.78606321
   1.52727167
   1.43917217
   1.42701798
   1.46657890
   1.82137870
   1.54049094
   1.43772891
   1.41094212
   1.43615901
   1.76633104
   1.57471196
   1.44730116
   1.39884842
   1.41277914
   1.62336128
   1.66602229
   1.47362467
   1.39667836
   1.38937484
   1.42053064
   1.77483839
   1.52303214
   1.41206473
   1.37271481
   1.38985241
   1.59146466
   1.64966562
   1.45448066
   1.37495671
   1.36284968
   1.38792621
   1.71177585
   1.53745444
   1.40813742
   1.35217789
   1.35742205
   1.38707617
   1.75103471
   1.48324502
   1.37682247
   1.33676588
   1.35120851
   1.41274233
   1.73172024
   1.45114041
   1.35552653
   1.32443568
   1.34261664
   1.45296185
   1.68046318
   1.43263861
   1.34121143
   1.31289700
   1.33161940
   1.42507356
   1.68395450
   1.42587134
   1.33280239
   1.30155550
   1.31833647
   1.34482301
   1.72470326
   1.43127311
   1.33103260
   1.29133527
   1.30286564
   1.32564067
   1.68089054
   1.45277258
   1.33817320
   1.28456903
   1.28577835
   1.30927789
   1.58356391
   1.50840559
   1.35789714
   1.28501837
   1.26944406
   1.29035054
   1.34985216
   1.67218127
   1.39419519
   1.29811253
   1.25900039
   1.26860267
   1.29099547
   1.59694218
   1.46608122
   1.33055491
   1.26203244
   1.24834452
   1.26881788
   1.28910136
   1.67884646
   1.38856351
   1.28710485
   1.24054238
   1.24353500
   1.26605151
   1.45994484
   1.53631082
   1.34319989
   1.25798387
   1.22679564
   1.23895835
   1.26050574
   1.54327051
   1.45913944
   1.31187792
   1.23797731
   1.21645445
   1.23280003
   1.25318841
   1.57310274
   1.42283891
   1.29234755
   1.22406341
   1.20683173
   1.22439979
   1.24432173
   1.57091339
   1.41016914
   1.28211535
   1.21444959
   1.19691900
   1.21387421
   1.23402344
   1.53904243
   1.41904566
   1.28119076
   1.20920485
   1.18693368
   1.20133654
   1.22214245
   1.46388709
   1.46009023
   1.29042731
   1.20967956
   1.17816820
   1.18701146
   1.20832383
   1.29955379
   1.57160962
   1.31219811
   1.21863692
   1.17327172
   1.17182360
   1.19220090
   1.20957817
   1.56949443
   1.35719193
   1.24006016
   1.17607603
   1.15859729
   1.17375718
   1.19412063
   1.38675578
   1.47725562
   1.27768370
   1.19192537
   1.15270338
   1.15448257
   1.17481643
   1.19175945
   1.54678023
   1.34786752
   1.22755354
   1.16115649
   1.14009358
   1.15268269
   1.17321757
   1.21923870
   1.57939542
   1.28875556
   1.19243943
   1.14117098
   1.13232060
   1.14966945
   1.16917328
   1.36757776
   1.45322721
   1.25371626
   1.16853841
   1.12720851
   1.12565804
   1.14467823
   1.16303037
   1.42660975
   1.39727414
   1.23215713
   1.15268071
   1.11649964
   1.11825460
   1.13766612
   1.15539381
   1.43546491
   1.37890855
   1.22105530
   1.14311408
   1.10771009
   1.10952041
   1.12871079
   1.14656160
   1.40219626
   1.39147443
   1.21977699
   1.13945368
   1.10069672
   1.09950262
   1.11783967
   1.13641792
   1.31182773
   1.44692822
   1.22929745
   1.14265418
   1.09647083
   1.08885646
   1.10507439
   1.12451199
   1.13559995
   1.56441027
   1.25417547
   1.15479141
   1.09715051
   1.07922409
   1.09067672
   1.11032347
   1.12520898
   1.46543995
   1.31233888
   1.17840489
   1.10614218
   1.07364294
   1.07564536
   1.09396300
   1.11212861
   1.23544397
   1.46932710
   1.20306026
   1.11159300
   1.05456618
   1.04652813
   1.06606565
   1.09050062
   1.10739634
   1.43031862
