   0.00000000
   0.00000000
   0.00000000
   0.00000000
   0.00000000
   0.00000000
   0.00000000
   0.00000000
   0.00000000
   0.00000000
   0.00000000
   0.00000000
   0.00000000
   0.00000000
   0.00000000
   0.00000000
   0.30089918
   3.21536455
   3.09955797
   2.96622398
   2.85639149
   2.79506367
   2.79518901
   2.72730616
   2.52882325
   2.66642576
   2.70692344
   2.59684610
   2.63919733
   2.74517757
   2.70357727
   2.49663502
   2.65979479
   2.67364172
   2.43446485
   2.63906037
   2.60187874
   2.38691200
   2.64066901
   2.34365192
   2.54883474
   2.41606797
   2.40411656
   2.47539325
   2.30880546
   2.52111185
   2.26656571
   2.55201243
   2.25134124
   2.55481187
   2.23599679
   2.52831411
   2.22242863
   2.50963810
   2.22078932
   2.50171411
   2.22769044
   2.49259493
   2.23942912
   2.48604035
   2.26443804
   2.47003495
   2.31724883
   2.42180787
   2.36020598
   2.36231679
   2.36965301
   2.33914118
   2.36298222
   2.32461573
   2.33333782
   2.33827006
   2.28827026
   2.36442673
   2.21140464
   2.41824747
   2.15657910
   2.44252151
   2.11489711
   2.44772940
   2.10518644
   2.42076560
   2.13357775
   2.34393523
   2.19825832
   2.15781213
   2.35825537
   2.07035804
   2.40947265
   2.06666936
   2.36388043
   2.13740233
   2.19672798
   2.29513104
   2.06622737
   2.40025057
   2.05395176
   2.36338978
   2.11650547
   2.17243499
   2.27723833
   2.02159857
   2.36937599
   2.04422906
   2.23249701
   2.18171618
   2.01127520
   2.35540499
   2.02056841
   2.24797249
   2.15299256
   2.00820204
   2.34775131
   2.00851822
   2.23694196
   2.14096660
   1.98395146
   2.33213178
   2.00645238
   2.14435186
   2.20740628
   1.96096802
   2.29195450
   2.04029747
   1.96685666
   2.29381470
   1.95976744
   2.08694655
   2.18163673
   1.92023139
   2.22918168
   2.04768382
   1.92073186
   2.27704423
   1.97891929
   1.95710801
   2.26586376
   1.93229782
   2.07322023
   2.16486338
   1.90733436
   2.17768836
   2.07518055
   1.89345023
   2.20944265
   2.01263355
   1.86916346
   2.20695286
   1.98337146
   1.85422433
   2.19159856
   1.97066615
   1.84769960
   2.18374133
   1.98074158
   1.83376109
   2.12136486
   1.99509964
   1.81794484
   1.98465650
   2.06258569
   1.81643686
   1.81420286
   2.15766463
   1.84867261
   1.76121515
   2.07668638
   1.91129067
   1.75197349
   1.78522710
   2.10894539
   1.79302103
   1.71532468
   2.00349710
   1.90718531
   1.73104226
   1.70933780
   2.06110544
   1.80927808
   1.68665403
   1.70250077
   2.05250356
   1.75623232
   1.65453730
   1.67860141
   2.02951106
   1.72767678
   1.62692498
   1.63216925
   1.98776620
   1.72093735
   1.60163539
   1.57976728
   1.87975825
   1.76828088
   1.60050719
   1.54757933
   1.58143030
   1.94001795
   1.63611334
   1.53462952
   1.51399989
   1.71812164
   1.78875451
   1.57023212
   1.49012356
   1.47750373
   1.69407149
   1.74821255
   1.53449456
   1.44739574
   1.42273751
   1.43438955
   1.82578713
   1.53994133
   1.40720576
   1.35220608
   1.34172228
   1.35188304
   1.75073596
   1.47408728
   1.33299641
   1.26826892
   1.24797764
   1.25189096
   1.36786280
   1.61538308
   1.35510629
   1.22754649
   1.16384763
   1.13819332
   1.13540729
   1.14206405
   1.32561340
   1.47836582
   1.23688802
   1.10982722
   1.03995692
   1.00442432
   0.99191994
   0.99235988
   0.99774182
   1.00259076
   1.35242899
   1.23039312
   0.96600989
   0.89228105
   0.86914674
   0.83310306
   0.81645672
   0.81264516
   0.81578565
   0.82140735
   0.82650387
   0.82929251
   0.87598985
   1.34158807
   0.93510251
   0.75854369
   0.68967988
   0.71953464
   0.71666039
   0.67418011
   0.64950915
   0.63597626
   0.62757840
   0.62631088
   0.63133286
   0.63569273
   0.63811827
   0.63853035
   0.63685281
   0.63309779
   1.04878062
   1.02422495
   0.73195990
   0.62178781
   0.56230184
   0.52415407
   0.49481442
   0.52620166
   0.54569299
   0.49641186
   0.45849943
   0.43887105
   0.42626104
   0.41777798
   0.41163863
   0.24056215
   0.00547587
   0.20256099
   1.75976880
   2.51294087
   2.10172154
   2.65161133
   2.29183456
   1.93426854
   1.68536887
   1.49711526
   0.97685717
   2.53208126
   1.13901923
   0.73220251
   0.69735198
   0.68518308
   0.63868293
   0.62149133
   0.61123288
   0.54497361
   0.53998688
   0.53005058
   0.16523436
   0.18373518
   0.26100809
   0.24463466
   0.20655198
   0.16653362
   0.12631139
   0.08237348
   0.04361822
   0.01318984
   0.00001274
   0.00000000
   0.00000000
   0.00000000
   0.00000000
   0.00000000
   0.00000000
   0.00000000
   0.00000000
   0.00000000
   0.00000000
   0.00000000
   0.00000000
   0.00000000
   0.00000000
   0.00000000
   0.00000000
   0.00000000
   0.00000000
   0.00000000
   0.00000000
   0.00000000
   0.00000000
   0.00000000
   0.00000000
   0.00000000
   0.00000000
   0.00000000
   0.00000000
   0.00000000
   0.00000000
   0.00000000
   0.00000000
   0.00000000
   0.00000000
   0.00000000
   0.00000000
   0.00000000
   0.00000000
   0.00000000
   0.00000000
   0.00000000
   0.00000000
   0.00000000
   0.00000000
   0.00000000
   0.00000000
   0.00000000
   0.00000000
   0.00000000
   0.00000000
   0.00000000
   0.00000000
   0.00000000
   0.00000000
   0.00000000
   0.00000000
   0.00000000
   0.00000000
   0.00000000
   0.00000000
   0.00000000
   0.00000000
   0.00000000
   0.00000000
   0.00000000
   0.00000000
   0.04813430
   0.00000000
   0.00000000
   0.00000000
   0.00000000
   0.00000000
   0.00000000
   0.00000000
   0.00000000
   0.00000000
   0.00000000
