   0.00000000
   0.00000000
   0.00000000
   0.00000000
   0.00000000
   0.00000000
   0.00000000
   0.00000000
   0.00000000
   0.00000000
   0.00000000
   0.00000000
   0.00000000
   0.00000000
   0.00000000
   0.00000000
  -0.38536235
  -4.88345631
  -4.70288786
  -4.35773502
  -4.10368721
  -3.94658989
  -3.90946927
  -3.80140649
  -3.49746857
  -3.66345766
  -3.72478372
  -3.61140505
  -3.66865416
  -3.80141522
  -3.74394306
  -3.43643763
  -3.63803932
  -3.66873956
  -3.32244282
  -3.58591655
  -3.56386999
  -3.21827717
  -3.59883784
  -3.18796939
  -3.42709929
  -3.24113489
  -3.18986870
  -3.32223815
  -3.05916970
  -3.37182123
  -3.00895059
  -3.40743668
  -2.99869322
  -3.40414747
  -2.97791938
  -3.36655293
  -2.95116441
  -3.32564486
  -2.94991881
  -3.30374239
  -2.96378095
  -3.29206323
  -2.98153875
  -3.28230729
  -3.01802296
  -3.26221181
  -3.09394178
  -3.19609001
  -3.15793513
  -3.10967656
  -3.16350909
  -3.07261295
  -3.15697016
  -3.04864457
  -3.10545599
  -3.06265424
  -3.04354836
  -3.09973643
  -2.92545216
  -3.17610119
  -2.84328713
  -3.22430076
  -2.77111075
  -3.22384319
  -2.74662379
  -3.18176317
  -2.77183288
  -3.11626530
  -2.84021836
  -2.83376715
  -3.07322846
  -2.70199771
  -3.14705538
  -2.68188766
  -3.11221263
  -2.75566750
  -2.88582928
  -2.97012199
  -2.69810590
  -3.13172694
  -2.66478127
  -3.10963813
  -2.72384261
  -2.85322773
  -2.94478079
  -2.62350306
  -3.10686297
  -2.62750392
  -2.92444835
  -2.79591150
  -2.61028701
  -3.06156267
  -2.59860763
  -2.94691531
  -2.75517539
  -2.60516212
  -3.04707012
  -2.58096404
  -2.93569717
  -2.73947463
  -2.56878497
  -3.04999512
  -2.57418271
  -2.83587523
  -2.87879734
  -2.54582150
  -3.01301633
  -2.60877907
  -2.54488428
  -2.96402455
  -2.49703889
  -2.71200503
  -2.78528761
  -2.45835216
  -2.90398446
  -2.59497712
  -2.46950833
  -2.96120969
  -2.51812632
  -2.53032866
  -2.92552057
  -2.46813538
  -2.70904801
  -2.79466642
  -2.46325749
  -2.89211378
  -2.68681337
  -2.45549815
  -2.90363676
  -2.57495292
  -2.41640969
  -2.90080144
  -2.53569443
  -2.38676145
  -2.86909027
  -2.54179531
  -2.42489519
  -2.90927431
  -2.56747906
  -2.38495579
  -2.80184259
  -2.57543373
  -2.34676044
  -2.59842612
  -2.65557774
  -2.33612102
  -2.37614325
  -2.82700409
  -2.37469298
  -2.27949002
  -2.71537393
  -2.43592195
  -2.23428395
  -2.31558088
  -2.72802823
  -2.28963233
  -2.21526643
  -2.62637872
  -2.45013335
  -2.22410131
  -2.22205700
  -2.68725319
  -2.31455594
  -2.16717933
  -2.21570647
  -2.66898313
  -2.24725705
  -2.12698211
  -2.18957454
  -2.63745684
  -2.21058172
  -2.08931702
  -2.11856769
  -2.57394515
  -2.18624618
  -2.04138270
  -2.03641696
  -2.44409441
  -2.25435641
  -2.03400347
  -1.97652045
  -2.04289634
  -2.49609677
  -2.08072385
  -1.96183293
  -1.95480844
  -2.24005113
  -2.30399381
  -2.00994447
  -1.92258569
  -1.93413677
  -2.23421836
  -2.27771483
  -1.99361015
  -1.88418744
  -1.85957179
  -1.88970922
  -2.36978263
  -1.99021146
  -1.81826527
  -1.75169899
  -1.74470900
  -1.76418892
  -2.25172214
  -1.88989202
  -1.71049441
  -1.63084837
  -1.61038322
  -1.62450510
  -1.77675587
  -2.07049432
  -1.73396639
  -1.56753395
  -1.48678332
  -1.45781641
  -1.45880523
  -1.47177890
  -1.69865541
  -1.87462836
  -1.56896234
  -1.40661767
  -1.31588534
  -1.26940594
  -1.25262423
  -1.25248633
  -1.25844013
  -1.26284736
  -1.68223485
  -1.52780030
  -1.20231498
  -1.10869187
  -1.07656015
  -1.02960709
  -1.00664538
  -0.99977347
  -1.00156662
  -1.00647495
  -1.01081306
  -1.01236968
  -1.06614533
  -1.61888669
  -1.13286292
  -0.91958171
  -0.83333910
  -0.86341811
  -0.85458000
  -0.80029449
  -0.76818420
  -0.74937628
  -0.73329108
  -0.72407198
  -0.72906448
  -0.73454411
  -0.73771156
  -0.73850714
  -0.73686618
  -0.73282077
  -1.21359189
  -1.17939847
  -0.83882415
  -0.71095430
  -0.64246764
  -0.59900043
  -0.56577913
  -0.60193194
  -0.62372750
  -0.56690096
  -0.52348196
  -0.50118779
  -0.48687594
  -0.47724022
  -0.47025285
  -0.27486196
  -0.00630647
  -0.23464040
  -2.03615957
  -2.85087404
  -2.31277018
  -2.80322637
  -2.32888574
  -1.90196612
  -1.61021845
  -1.39518105
  -0.89081126
  -2.30066406
  -1.01366763
  -0.61949549
  -0.57315961
  -0.55370137
  -0.51139010
  -0.49587247
  -0.48778001
  -0.43413548
  -0.43252434
  -0.42964352
  -0.12647731
  -0.13507103
  -0.19382643
  -0.18213039
  -0.15381675
  -0.12464396
  -0.09510800
  -0.06238463
  -0.03326799
  -0.01011836
  -0.00000981
   0.00000000
   0.00000000
   0.00000000
   0.00000000
   0.00000000
   0.00000000
   0.00000000
   0.00000000
   0.00000000
   0.00000000
   0.00000000
   0.00000000
   0.00000000
   0.00000000
   0.00000000
   0.00000000
   0.00000000
   0.00000000
   0.00000000
   0.00000000
   0.00000000
   0.00000000
   0.00000000
   0.00000000
   0.00000000
   0.00000000
   0.00000000
   0.00000000
   0.00000000
   0.00000000
   0.00000000
   0.00000000
   0.00000000
   0.00000000
   0.00000000
   0.00000000
   0.00000000
   0.00000000
   0.00000000
   0.00000000
   0.00000000
   0.00000000
   0.00000000
   0.00000000
   0.00000000
   0.00000000
   0.00000000
   0.00000000
   0.00000000
   0.00000000
   0.00000000
   0.00000000
   0.00000000
   0.00000000
   0.00000000
   0.00000000
   0.00000000
   0.00000000
   0.00000000
   0.00000000
   0.00000000
   0.00000000
   0.00000000
   0.00000000
   0.00000000
   0.00000000
  -0.02587959
   0.00000000
   0.00000000
   0.00000000
   0.00000000
   0.00000000
   0.00000000
   0.00000000
   0.00000000
   0.00000000
   0.00000000
