   0.00000000
   0.00000000
   0.76639771
   2.75968287
   0.07607570
   0.00000000
   0.30642902
   2.83089602
   2.68370961
   2.16712619
   0.35034551
   0.00000000
   0.00000000
   0.43156269
   0.77694558
   2.66236123
   2.86378255
   2.45611315
   1.70853168
   0.83628974
   0.21432206
   0.31775100
   1.23025447
   2.41232296
   2.51233741
   2.44728169
   1.52913297
   1.08199395
   1.22830282
   1.89878360
   2.30919924
   2.26522247
   2.56507072
   2.67974775
   2.51263746
   2.53153888
   2.67745348
   2.64026915
   2.44576065
   1.85232479
   2.57365628
   2.74125515
   2.57610840
   2.83795981
   3.01712021
   3.20169776
   3.13498765
   2.99123001
   2.96013630
   2.89263359
   2.61497859
   2.38756291
   2.35606617
   2.29361775
   2.44212026
   2.41789012
   2.63971228
   2.51118570
   2.72406607
   2.75916512
   2.69196925
   2.59154419
   2.81754940
   2.91819724
   2.94954484
   2.89540208
   2.83619334
   2.86348001
   2.86887501
   2.85668198
   2.81713496
   2.80620335
   2.86189182
   2.83039713
   2.78511449
   2.69572295
   2.41224836
   2.58477752
   2.22831902
   2.21103324
   2.06154594
   1.89945944
   1.65925931
   1.68286262
   2.02088741
   1.85305097
   1.80061419
   2.12947748
   2.30794580
   2.49405844
   2.42806430
   2.66636884
   2.54428216
   2.47680392
   2.64212822
   2.33113867
   2.50963723
   2.13448829
   2.41681900
   2.09556873
   2.45165598
   2.18828440
   2.47472404
   2.19897961
   2.50082931
   2.21664252
   2.50147632
   2.17228854
   2.46513709
   2.13750064
   2.33875868
   2.12553187
   1.97015570
   2.29760225
   1.96397815
   1.97193750
   2.27552284
   1.93666566
   2.18973919
   2.09952409
   1.95182172
   2.32824848
   2.04151911
   2.19741445
   2.23638833
   2.05319356
   2.40232141
   2.07416773
   2.41110850
   2.15323275
   2.37734971
   2.23144091
   2.32775508
   2.26820411
   2.18938337
   2.34086947
   2.05528253
   2.38525951
   2.02987377
   2.23901700
   2.14428680
   1.96890524
   2.32074625
   2.01678310
   2.12800422
   2.25676290
   2.00741180
   2.36288719
   2.04546155
   2.23012651
   2.17232048
   1.99678466
   2.33464105
   2.00587896
   2.15440028
   2.16840980
   1.93921911
   2.27710954
   2.04292321
   1.97572432
   2.30196243
   1.95441204
   2.14791391
   2.11846927
   1.90056997
   2.21732277
   2.03428804
   1.91037394
   2.26935538
   1.99198425
   1.96567478
   2.27610570
   1.94093539
   2.12927776
   2.11801709
   1.90725457
   2.17608179
   2.00197302
   1.79923889
   1.82362681
   2.09100345
   1.76388991
   1.68778109
   1.96763789
   1.92886805
   1.73958266
   1.77961168
   2.14174170
   1.84733567
   1.81558017
   2.18343979
   1.92560138
   1.86367180
   2.22957050
   1.95004651
   1.90975506
   2.26346847
   1.94873156
   1.99201788
   2.23367976
   1.90846951
   2.14503359
   2.08211710
   1.88511449
   2.20313810
   2.00794659
   1.86681608
   2.21004567
   1.94984215
   1.84013502
   2.18686586
   1.92802078
   1.81136877
   2.14526861
   1.92775090
   1.78790122
   2.06296315
   1.96922348
   1.78305851
   1.88688750
   2.08479324
   1.79129070
   1.76412472
   2.10380650
   1.82327422
   1.71496740
   1.94028640
   1.94378840
   1.72622323
   1.69278795
   2.03533517
   1.80998552
   1.69626495
   1.73523157
   2.10495820
   1.82553345
   1.70970269
   1.63958280
   1.92412349
   1.63253859
   1.45840816
   1.37721398
   1.36685672
   1.39496516
   1.68007783
   1.61748657
   1.41376977
   1.33903929
   1.33517944
   1.37077738
   1.76345645
   1.49409792
   1.44730950
   1.41118381
   1.39822802
   1.67429206
   1.37147432
   1.31669947
   1.26014922
   1.21891585
   1.23730486
   1.25627682
   1.52860896
   1.49792911
   1.29754382
   1.18438955
   1.19428751
   0.93443068
   0.73288432
   0.66355209
   0.12822923
   3.83537240
   1.32158455
   0.73006976
   0.08170614
   0.01029610
   2.91179719
   0.97049873
   0.05462553
   0.18797332
   0.25191361
   0.00820798
   0.00000000
   0.56449807
   0.50055628
   0.57329190
   0.30566236
   0.00460103
   0.01774334
   0.01481015
   0.21126859
   0.95735664
   0.58159841
   0.00000000
   0.39280312
   0.29033285
   0.00327762
   0.33803601
   1.10208632
   1.43675060
   1.22285796
   0.83435533
   0.73006350
   0.49076786
   0.98277247
   0.97702879
   1.26249857
   1.85967579
   1.26257836
   1.21921206
   1.39747300
   1.36409503
   1.11971488
   0.73175870
   0.73540746
   0.79440405
   0.63236073
   0.51638378
   0.39634197
   0.33611363
   0.35723151
   0.31215519
   0.17119458
   0.26763880
   0.23958690
   0.25836534
   0.00626818
   0.02852992
   0.33913307
   0.00755997
   0.30846679
   0.32581711
   0.10665554
   0.29854000
   0.14591265
   0.00000000
   0.22403073
   0.50890289
   0.54109494
   0.20214497
   0.14024932
   0.08232463
   0.34031200
   0.71782483
   1.17412675
   0.38736029
   0.47981007
   0.81763925
   0.86732761
   0.68483234
   0.21364020
   0.00000000
   0.24922646
   0.48632719
   0.08039063
   0.41668969
   0.25654842
   0.20596200
   0.00000000
   0.00000000
   0.00000000
   0.00000000
   0.00000000
   0.00000000
   0.00000000
   0.00000000
   0.08960645
   0.00000000
   0.00000000
   0.00000000
   0.00000000
   0.00000000
   0.00000000
   0.00000000
   0.00000000
   0.00000000
   0.00000000
   0.00000000
   0.00000000
   0.00000000
   0.00000000
   0.00000000
   0.00000000
   0.00000000
   0.00000000
   0.00000000
   0.00000000
   0.00000000
   0.00000000
   0.10708999
   1.38140358
   2.37912882
   2.18324005
   2.33431326
   2.35884907
   2.17279280
   2.42126766
   2.16305722
   2.39689900
