  0.00000
 10.02896
  7.54864
  5.94646
  4.81999
  3.99291
  3.38052
  2.93643
  2.61591
  2.36010
  2.13486
  1.95907
  1.81805
  1.70366
  1.61000
  1.53395
  1.47136
  1.42154
  1.38169
  1.34935
  1.32338
  1.30338
  1.28800
  1.27645
  1.26925
  1.35458
  1.47429
  1.45348
  1.43898
  1.42919
  1.42309
  1.42029
  1.42038
  1.42304
  1.42806
  1.43519
  1.69813
  1.70838
  1.68772
  1.67271
  1.66175
  1.65416
  1.65093
  1.65285
  1.65740
  1.66433
  1.85758
  1.91360
  1.88481
  1.85757
  1.83948
  1.82462
  1.81444
  1.80847
  1.80470
  1.80276
  1.80232
  1.93010
  2.01070
  1.97584
  1.94484
  1.91722
  1.89250
  1.87028
  1.85030
  1.83639
  1.83245
  1.83587
  1.84913
  1.99076
  2.12836
  2.18929
  2.22632
  2.16818
  2.11266
  2.05900
  2.00818
  1.95996
  1.91482
  1.87359
  1.83639
  1.80195
  1.76925
  1.83098
  1.88497
  1.83819
  1.79302
  1.74977
  1.70840
  1.66984
  1.63398
  1.59937
  1.56644
  1.53477
  1.50579
  1.47830
