  0.00000
-21.44573
-16.14921
-12.73043
-10.31545
 -8.52651
 -7.17580
 -6.16877
 -5.42444
 -4.82574
 -4.31558
 -3.89542
 -3.55116
 -3.26735
 -3.03136
 -2.83652
 -2.67396
 -2.54023
 -2.42994
 -2.33838
 -2.26284
 -2.20206
 -2.15305
 -2.11382
 -2.08439
 -2.19802
 -2.36775
 -2.32040
 -2.28457
 -2.25777
 -2.23777
 -2.22437
 -2.21671
 -2.21410
 -2.21632
 -2.22262
 -2.60476
 -2.61526
 -2.57962
 -2.55311
 -2.53298
 -2.51842
 -2.51065
 -2.51026
 -2.51414
 -2.52224
 -2.80027
 -2.87882
 -2.83310
 -2.77198
 -2.74502
 -2.72276
 -2.70691
 -2.69670
 -2.68944
 -2.68450
 -2.68139
 -2.85891
 -2.96867
 -2.91351
 -2.86381
 -2.81892
 -2.77822
 -2.74125
 -2.70767
 -2.68616
 -2.68966
 -2.71425
 -2.76860
 -3.03167
 -3.32030
 -3.58558
 -3.80062
 -3.73805
 -3.67654
 -3.61466
 -3.55437
 -3.49538
 -3.43871
 -3.38596
 -3.33723
 -3.29044
 -3.24434
 -3.33705
 -3.41609
 -3.34153
 -3.26810
 -3.19619
 -3.12605
 -3.05896
 -2.99520
 -2.93238
 -2.87167
 -2.81208
 -2.75618
 -2.70208
