   0.00000000
   3.59909835
   3.64920763
   3.56828588
   3.67967027
   3.47267355
   3.47981347
   3.52753589
   3.51430393
   3.98290665
   3.39762902
   3.10182384
   3.11583137
   3.03937764
   3.12021855
   3.11488575
   3.07928931
   2.98932856
   3.08424329
   3.06886932
   2.99352821
   2.93514340
   2.73050345
   2.78488518
   2.59624644
   2.51278434
   2.71046458
   2.65665174
   2.52908964
   2.70628456
   2.72175137
   2.60046864
   2.82310860
   2.34964344
   2.32411214
   2.31647105
   2.04388902
   2.38598629
   2.04158134
   2.32908350
   2.17131306
   2.22145222
   2.34244964
   2.14306350
   2.41116020
   2.08187325
   2.40431804
   2.06651956
   2.36179055
   2.16048287
   2.20434435
   2.26557112
   2.02927004
   2.36918985
   2.02603174
   2.24736860
   2.15901226
   2.02168229
   2.37112910
   2.03611997
   2.31506901
   2.09942066
   1.98253217
   2.32509257
   2.05400556
   2.11066397
   2.12163068
   1.82702369
   1.74321333
   2.00996324
   2.00774475
   1.79833409
   1.93033854
   2.10555390
   1.81612349
   1.90861635
   2.11790306
   1.82490018
   1.84978522
   2.18494659
   1.86907443
   1.83845196
   2.17372820
   1.84344096
   1.76487216
   2.09769817
   1.86184245
   1.73218653
   1.89187730
   2.00756793
   1.76627397
   1.73897065
   2.11064392
   1.83060990
   1.67979289
   1.61005165
   1.84851875
   1.76215366
   1.56728605
   1.46697074
   1.41758705
   1.37256654
   1.58834495
   1.54052957
   1.36025622
   1.26166171
   1.24143257
   1.22680460
   1.25539209
   1.53492402
   1.51084052
   1.29185585
   1.20401401
   1.17434084
   1.18067228
   1.21271229
   1.49539688
   1.46658731
   1.27123581
   1.17058276
   1.12268817
   1.10456629
   1.11563965
   1.12730105
   1.37441876
   1.31939771
   1.09352332
   1.05516469
   0.95930253
   0.96925038
   0.97634206
   0.94760486
   0.89276604
   0.98313453
   1.22731538
   0.99215932
   0.86522037
   0.71137178
   0.58567865
   0.55482399
   0.59262844
   0.64876867
   0.63133046
   0.59120515
   0.57123477
   0.54570903
   0.55380268
   0.56670314
   0.57725887
   0.58664503
   0.59489024
   0.60152040
   0.60592222
   0.60760634
   0.60634570
   0.81447781
   1.12016306
   0.79673683
   0.65925724
   0.09690090
   0.00000000
   0.08702344
   0.48183479
   0.88554967
   1.37448168
   1.54865065
   1.67521437
   3.44732477
   1.88800679
   1.61706637
   1.85042119
   2.23336376
   0.55859666
   0.99585149
   0.95243388
   0.79490941
   0.55299016
   0.76345428
   0.80125247
   1.02701137
   0.66764289
   0.56637961
   0.29966408
   0.34611618
   0.47055900
   0.00217741
   0.42386032
   0.40482888
   0.39481331
   0.52880618
   0.48647804
   0.81725921
   0.86847404
   0.73838074
   0.80331087
   0.75131634
   0.70747830
   0.93482101
   0.58512307
   0.54692570
   0.32733944
   0.31131643
   0.18825264
   0.00000000
   0.00000000
   0.86784565
   0.51197757
   0.65885793
   0.26737490
   0.08023834
   0.00000000
   0.00000000
   0.35596075
   0.00000000
   0.00000000
   0.00000000
   0.00000000
   0.00000000
   0.03103274
   0.08069835
   0.00000000
   0.00000000
   0.01851424
   0.15007649
   0.18118945
   0.14807895
   0.01370767
   0.00000000
   0.00000000
   0.00000000
   0.00000000
   0.00000000
   0.00000000
   0.00000000
   0.00000000
   0.00000000
   0.00000000
   0.00000000
   0.00000000
   0.00000000
   0.00000000
   0.00000000
   0.00000000
   0.00000000
   0.00000000
   0.00000000
   0.00000000
   0.00000000
   0.00000000
   0.00000000
   0.00000000
   0.00000000
   0.00000000
   0.00000000
   0.00000000
   0.00000000
   0.00000000
   0.00000000
   0.00000000
   0.00000000
   0.00000000
   0.00000000
   0.00000000
   0.00000000
   0.00000000
   0.00000000
   0.00000000
   0.00000000
   0.00000000
   0.00000000
   0.00000000
   0.00000000
   0.00000000
   0.00000000
   0.00000000
   0.00000000
   0.00000000
   0.00000000
   0.00000000
   0.00000000
   0.00000000
   0.00000000
   0.00000000
   0.00000000
   0.00000000
   0.00000000
   0.00000000
   0.13812687
   1.97878613
   2.83962600
   2.33675531
   2.49032406
   2.09069076
   2.27784291
   1.95957439
   1.72180881
   1.99283975
   1.89283322
   1.73351511
   1.75832006
   2.14726615
   1.89886349
   1.90196814
   2.24057311
   1.91856373
   2.12509365
   2.27730081
   2.14346154
   2.46569116
   2.16634041
   2.45739357
   2.16754051
   2.49584466
   2.18420183
   2.50425899
   2.22678871
   2.51808780
   2.20809692
   2.41199256
   2.02667844
   2.28750903
   1.92365104
   1.69689428
   1.83321314
   1.80681355
   1.52470062
   1.40639682
   1.39001322
   1.51925026
   1.83902955
   1.61356703
   1.58980290
   1.67693289
   2.10270882
   1.92969056
   1.87072010
   2.26438846
   1.96332987
   2.02086780
   2.19586276
   1.83820832
   1.91802709
   2.08130394
   1.80602262
   1.81271005
   2.17108950
   1.86615484
   1.80922969
   2.17271150
   1.90363697
   1.80550523
   2.14650321
   1.89514092
   1.74886566
   1.97106394
   1.90429017
   1.67952141
   1.63671206
   1.95147713
   1.80925091
   1.64437901
   1.61764639
   1.93615799
   1.79528984
   1.65292195
   1.64747542
   1.98810588
   1.82230891
   1.69165752
   1.72866212
   2.08271236
   1.79991174
   1.73152781
   2.03644797
   1.94991996
   1.77986214
   1.90896158
   2.07274053
   1.78364893
   1.77531825
   2.10194651
   1.80075421
   1.70204231
   1.93531638
   1.91458666
   1.70730085
   1.67566949
   2.01935492
   1.83509148
   1.70360918
   1.73932774
   2.07746065
   1.76975361
   1.69043452
   1.95582604
   1.89255727
   1.70812064
   1.68439987
   2.02373522
   1.78557839
   1.66561458
   1.68536366
   2.03112710
   1.74876904
   1.64718307
   1.70320835
   2.01122436
   1.70362404
   1.62056115
   1.68767105
   2.00062968
   1.69981393
   1.62615468
   1.70389783
   2.00405466
   1.69928930
   1.62594488
   1.76579538
   1.94331555
   1.66547729
   1.56849773
   1.56659743
   1.92468219
   1.61586370
   1.48299699
   1.45332744
   1.48876335
   1.86328485
   1.59717406
   1.48308363
   1.47636888
   1.53876848
   1.90714037
   1.61439991
   1.54154650
   1.55469381
   1.87755285
   1.74912622
   1.61044986
   1.59381718
   1.84907984
   1.84101590
   1.64890494
   1.60898680
   1.86029123
   1.84189711
   1.64830731
   1.60621670
   1.83841677
   1.84562701
   1.63857425
   1.58566950
   1.74734860
   1.87710371
   1.62958591
   1.56060573
   1.60073572
   1.93254536
   1.64731377
   1.54608690
   1.54123175
   1.82968287
   1.72098546
   1.55848991
   1.50992799
   1.55079492
   1.88373365
   1.60637639
   1.49881482
   1.48005564
   1.60423239
   1.80436236
   1.54712974
   1.45900156
   1.44953423
   1.60687157
   1.78074723
   1.53976585
   1.43533695
   1.37797293
   1.33446384
   1.68225179
   1.46457889
   1.28976493
   1.19754563
   1.16058555
   1.15938653
   1.17949495
   1.20575473
   1.52569782
   1.33460245
   1.17989310
   1.11000096
   1.09016522
   1.10529703
   1.13393046
   1.16129537
   1.59166539
   1.29474517
   1.15099403
   1.08367943
   1.05677920
   1.05513708
   1.06128263
   1.06205758
   1.43792050
   1.27131766
   1.08011395
   0.96407441
   0.89423662
   0.85333960
   0.82554682
   0.80060591
   0.88737122
   3.35542403
   3.17031837
   1.85210186
   1.26753429
   1.48281854
   0.98245291
   0.69025888
   0.55625304
   0.22628001
   0.00790022
   0.43295982
   0.90304903
   1.23776574
   0.96409947
   0.86899580
   0.58186088
   0.06241613
   0.01921269
   0.00000000
   0.05191373
   2.22702048
   0.97849093
   0.30203419
   0.54589381
   0.65235912
   0.48412448
   0.85337545
   1.21687999
   0.92458556
   0.70524501
   0.59262336
   0.39517111
   0.29490954
   0.15675178
   0.24298124
   0.30586647
   0.38121882
   0.00008582
   0.57746002
   0.70139193
   0.68130324
   0.66545536
   0.50696337
   0.53443619
   0.56987567
   0.47000249
   0.39271327
   0.25895601
   0.30412080
   0.30376100
   0.29194125
   0.11369261
   0.33570846
   0.23258151
   0.24812261
   0.00000000
   0.14339571
   0.35107279
   0.34373439
   0.55807728
   0.64830903
   0.78952636
   0.59642512
   0.40182058
   0.35023024
   0.33924453
   0.46082967
   0.45042511
   0.18865640
   0.06602922
   0.00000000
   0.24986914
   0.03539133
   0.00000000
   0.00000000
   0.01543192
   0.22823588
   0.33203159
   0.38357351
   0.07226858
   0.00000000
   0.24849176
   0.22318279
   0.09866644
   0.32949112
   0.16611503
   0.00000000
   0.00000000
   0.00000000
   0.00000000
   0.00000000
   0.00000000
   0.00000000
   0.00000000
   0.00000000
   0.00000000
   0.00000000
   0.00000000
   0.00000000
   0.00000000
   0.00000000
   0.00000000
   0.00000000
   0.00000000
   0.00000000
   0.00000000
   0.04298783
   0.00002027
   0.00000000
   0.00000000
   0.00000000
   0.00000000
   0.00000000
   0.00000000
   0.00000000
   0.00000000
   0.00000000
   0.00000000
   0.00000000
   0.67708190
   1.77347856
   2.46486816
   2.17197244
   2.24989780
   2.32128059
   2.04208350
   2.34034497
   1.96877601
