  0.49429061399205132        0.0000000000000000     
  0.31204156526373639        7.3582287100518329     
  0.12582935050907018        6.7581075753438995     
  -6.4289912964362372E-002   6.1478900154723988     
 -0.25825893005562983        5.5275868678376696     
 -0.45601924520293718        4.8972095922451331     
 -0.65751126059675080        4.2567703026518302     
 -0.86267425440803447        3.6062818083746038     
  -1.0714463973278050        2.9457576462821180     
  -1.2837647733386230        2.2752121331603803     
  -1.4995653971950342        1.5946603996736712     
  -1.7187832341737312       0.90411844405736019     
  -1.9413522199438358       0.20360317720718513     
  -2.1672052807762370      -0.50686752094446774     
  -2.3962743524426888       -1.2272747522590635     
  -2.6284904014249282       -1.9575985366255964     
  -2.8637834466787258       -3.0505283784722224     
  -3.1020825790097204       -3.9013268963733481     
  -3.3433159836744437       -4.4564858158790912     
  -3.5874109620939056       -4.7862773700794037     
  -3.8342939526720494       -5.0066484827483464     
  -4.0838905533892351       -5.2308018240707952     
  -4.3361255452606997       -5.4586950653442727     
  -4.5909229134813385       -5.6902848351886064     
  -4.8482058713358374       -5.9255267054523415     
  -5.1078968835622351       -6.1643751810411800     
  -5.3699176881351889       -9.8054803214772619     
  -5.6341893214567174       -10.048267840874814     
  -5.9006321417969811       -10.294474801465299     
  -6.1691658527077280       -10.544051994163908     
  -6.4397095278365528       -10.796949060826250     
  -6.7121816355500199       -11.053114525660476     
  -6.9865000622853550       -11.312495779128142     
  -7.2625821379244986       -11.575039065965314     
  -7.5403446618730019       -11.840689460942201     
  -7.8197039262644132       -12.109390871018945     
  -8.1005757423158755       -12.381086041405752     
  -8.3828754657900966       -12.655716522022772     
  -8.6665180215152997       -12.933222520017409     
  -8.9514179294028224       -13.213543342671358     
  -9.2374893314108668       -13.496616824524324     
  -9.5246460157588846       -13.782379590843561     
  -9.8128014438035365       -14.070767014636203     
  -10.101868776534133       -14.361713309047559     
  -10.391760898377267       -14.655151318554317     
  -10.682390446811510       -14.951012624450129     
  -10.973669836688170       -15.249227508759702     
  -11.265511286810998       -15.549724970076227     
  -11.557826846717612       -15.852432573912097     
  -11.850528423604935       -16.157276820625498     
  -12.143527806741890       -16.464182691584369     
  -12.436736697197356       -16.773074052207562     
  -12.730066732417145       -17.083873248916177     
  -13.023429513299471       -17.396501216757315     
  -13.316736631399497       -17.710877612126495     
  -13.609899693534732       -18.026920608174521     
  -13.902830351457457       -18.344547379757870     
  -14.195440326457438       -18.663673438391982     
  -14.487641436386827       -18.984212933660530     
  -14.779345622446321       -19.306078637136295     
  -15.070464976027484       -19.629182086371998     
  -15.360911763183488       -19.953433329192734     
  -15.650598454335512       -20.278740486775206     
  -15.939437748387638       -20.605011319444657     
  -16.227342599454673       -20.932152373159795     
  -16.514226243559062       -21.260067793199738     
  -16.800002224820052       -21.588659968985951     
  -17.084584419524489       -21.917831379708446     
  -17.367887065545212       -22.247483350773763     
  -17.649824785706695       -22.577514473533256     
  -17.930312613926134       -22.907821491198064     
  -18.209266021842588       -23.238301705662138     
  -18.486600942514642       -23.568851492688111     
  -18.762233796939256       -23.899362685197019     
  -19.036081519754379       -24.229728865152310     
  -19.308061583156530       -24.559841332299612     
  -19.578092021860847       -24.889590416023026     
  -19.846091459053802       -25.218866803603277     
  -20.111979128942718       -25.547557120492769     
  -20.375674902234767       -25.875547899587815     
  -20.637099311045617       -26.202722541253365     
  -20.896173571509504       -26.528964778715761     
  -21.152819607750459       -26.854161726767273     
  -21.406960076304937       -27.178196973652859     
  -21.658518387999472       -27.500950212230890     
  -21.907418732099522       -27.822301573484793     
  -22.153586099454639       -28.142127694857493     
  -22.396946304119769       -28.460309197393059     
  -22.637426005786217       -28.776727282293450     
  -22.874952733011920       -29.091257111820767     
  -23.109454903432656       -29.403774893571551     
  -23.340861846330505       -29.714156351208942     
  -23.569103824504811       -30.022273106583867     
  -23.794112054074784       -30.328002502629033     
  -24.015818725276183       -30.631218832828353     
  -24.234157024247523       -30.931796442243382     
  -24.449061151355657       -31.229612920228675     
  -24.660466341939284       -31.524530255147283     
  -24.868308886668622       -31.816427177983400     
  -25.072526149314641       -32.105186561959499     
  -25.273056585908098       -32.390676206143496     
  -25.469839763735280       -32.672768421418397     
  -25.662816379799814       -32.951336287389950     
  -25.851928277295869       -33.226253336396894     
  -26.037118465346097       -33.497387809418115     
  -26.218331134322838       -33.764618424060671     
  -26.395511672915923       -34.027826166680512     
  -26.568606685361647       -34.286883411750523     
  -26.737564007381444       -34.541666117197195     
  -26.902332720665484       -34.792044855753204     
  -27.062863170545306       -35.037903076050441     
  -27.219106979205144       -35.279119415894797     
  -27.371017059181916       -35.515569386098633     
  -27.518547631223854       -35.747145872190572     
  -27.661654234950078       -35.973735027273165     
  -27.800293742479209       -36.195217446935601     
  -27.934424373586779       -36.411478672731164     
  -28.064005706363080       -36.622390434201208     
  -28.188998688501130       -36.827856251986304     
  -28.309365652587061       -37.027780788121959     
  -28.425070324369432       -37.222051412793462     
  -28.536077833882864       -37.410562853301599     
  -28.642354728342553       -37.593213354418282     
  -28.743868979552502       -37.769903862952106     
  -28.840589994020291       -37.940538116497294     
  -28.932488624352317       -38.105022517529790     
  -29.019537175623725       -38.263256884974595     
  -29.101709413760489       -38.415162574332584     
  -29.178980575883820       -38.560660499287366     
  -29.251327375125310       -38.699665474744791     
  -29.318728007985221       -38.832088281760235     
  -29.381162163182697       -38.957863657314107     
  -29.438611025320494       -39.076924585228539     
  -29.491057280609848       -39.189199622061551     
  -29.538485124413143       -39.294623274705799     
  -29.580880263692865       -39.393123923193031     
  -29.618229921254546       -39.484655830863289     
  -29.650522842095576       -39.569158625905231     
  -29.677749294297087       -39.646592203180262     
  -29.699901071984996       -39.716902317303408     
  -29.716971500220065       -39.780057513756674     
  -29.728955434568004       -39.836021400952859     
  -29.735849262707777       -39.884758535671779     
  -29.737650907906275       -39.926238869594044     
  -29.734359827212781       -39.960426474717451     
  -29.725977011616013       -39.987314649064444     
  -29.712504988203477       -40.006887591842968     
  -29.693947816982842       -40.019132169470907     
  -29.670311089587209       -40.024039892558221     
  -29.641601930088946       -40.021575321832245     
  -29.607828990390832       -40.011784139408007     
  -29.569002447556308       -39.994666488605759     
  -29.525134003445714       -39.970230769672838     
  -29.476236878361309       -39.938488996786958     
  -29.422325807325670       -39.899448170242039     
  -29.363417037994768       -39.853146398961172     
  -29.299528323342013       -39.799607543198221     
  -29.230678916202802       -39.738862704658089     
  -29.156889566330570       -39.670946895312596     
  -29.078182511056468       -39.595878720248521     
  -28.994581469059042       -39.513734190241991     
  -28.906111635460334       -39.424550487189123     
  -28.812799671709342       -39.328380213023365     
  -28.714673698202461       -39.225279260332826     
  -28.611763287186427       -39.115305531128769     
  -28.504099452138725       -38.998523272652250     
  -28.391714638293664       -38.874998232827750     
  -28.274642715135116       -38.744791537840513     
  -28.152918963700387       -38.607993056098906     
  -28.026580066800115       -38.464663604099343     
  -27.895664098957830       -38.314901234577434     
  -27.760210513513357       -38.158781695098980     
  -27.620260130564496       -37.996383996313170     
  -27.475855126662545       -37.827813109324921     
  -27.327039020493530       -37.653153129938914     
  -27.173856659164944       -37.472501175166485     
  -27.016354206929599       -37.285946603209368     
  -26.854579129332571       -37.093603372136556     
  -26.688580178862928       -36.895567488022863     
  -26.518407382097280       -36.691937300464048     
  -26.344112023246318       -36.482833497174738     
  -26.165746627991492       -36.268358026985936     
  -25.983364949780938       -36.048615866645747     
  -25.797021951858994       -35.823733192219436     
  -25.606773790650138       -35.593817058525644     
  -25.412677800489842       -35.358984394907424     
  -25.214792475214800       -35.119353073919967     
  -25.013177449724786       -34.875041870477446     
  -24.807893483999131       -34.626170345719743     
  -24.599002443203659       -34.372854593898523     
  -24.386567278867219       -34.115228090187628     
  -24.170652011842243       -33.853406698153179     
  -23.951321711549316       -33.587516075704116     
  -23.728642475444865       -33.317680966421108     
  -23.502681411549158       -33.035609924264435     
  -23.273506616357896       -32.548730516992549     
  -23.041187154244351       -32.065351741621555     
  -22.805793038406915       -31.578633134840487     
  -22.567395208519319       -31.090270662527132     
  -22.326065508348016       -30.600886520974939     
  -22.081876666422779       -30.110662615587216     
  -21.834902272432632       -29.632491401616278     
  -21.585216754686826       -29.149256230675007     
  -21.332895360658583       -28.692259002542500     
  -21.078014130477769       -28.239773245596098     
  -20.820649875746071       -27.764204211092732     
  -20.560880157156991       -27.281808951912069     
  -20.298783259912497       -26.799616327578121     
  -20.034438169748526       -26.317783177757661     
  -19.767924551978943       -25.836463487954063     
  -19.499322723731801       -25.355807562553935     
  -19.228713631578120       -24.875964965047871     
  -18.956178827650785       -24.397079856203533     
  -18.681800443625487       -23.919294938403340     
  -18.405661167878158       -23.442749803382895     
  -18.127844218641286       -22.967581202266985     
  -17.848433319899712       -22.493923132117459     
  -17.567512675767979       -22.021906457225811     
  -17.285166945828518       -21.551660749727347     
  -17.001481218400265       -21.083310925980214     
  -16.716540986868974       -20.616980715701828     
  -16.430432121660090       -20.152790355920871     
  -16.143240845642147       -19.690858070290176     
  -15.855053707737063       -19.231299300607475     
  -15.565957557303587       -18.774226829311118     
  -15.276039516983335       -18.319751128499689     
  -14.985386958460595       -17.867980167723374     
  -14.694087473555502       -17.419019558024047     
  -14.402228849401718       -16.972972547012375     
  -14.109899041575682       -16.529939955160216     
  -13.817186147475649       -16.090020343838205     
  -13.524178380676197       -15.653310060448405     
  -13.230964043106901       -15.219903213569637     
  -12.937631498852506       -14.789891726751705     
  -12.644269147737251       -14.363365380426274     
  -12.350965398591718       -13.940411853932517     
  -12.057808642239593       -13.521116759686834     
  -11.764887226020678       -13.105563689336691     
  -11.472289425925894       -12.693834231553126     
  -11.180103420152564       -12.286008030012965     
  -10.888417262999690       -11.882162808134126     
  -10.597318858076022       -11.482374408827980     
  -10.306895931837797       -11.086716830380908     
  -10.017236007741909       -10.695262256889464     
  -9.7284263786433058       -10.308081101452956     
  -9.4405540812004869       -9.9252420359981102     
  -9.1537058697167133       -9.5468120238522829     
  -8.8679681899057101       -9.1728563555264486     
  -8.5834271526115948       -8.8034386816407846     
  -8.3001685086922699       -8.4386210410654598     
  -8.0182776219773739       -8.0784638979391730     
  -7.7378394439831055       -7.7230261697113178     
  -7.4589384886378820       -7.3723652577238568     
  -7.1816588067262837       -7.0265370772463029     
  -6.9060839600760122       -6.6855960874891025     
  -6.6322969974438077       -6.3495953185803273     
  -6.3603804283270211       -6.0185864012098591     
  -6.0904161982618810       -5.6926195944075175     
  -5.8224856647075534       -5.3717438088551148     
  -5.5566695721494641       -5.0560066369592960     
  -5.2930480285124961       -4.7454543773438331     
  -5.0317004793519962       -4.4401320584543669     
  -4.7727056857616716       -4.1400834647127454     
  -4.5161416990436312       -3.8453511541316630     
  -4.2620858383081455       -3.5559764957262132     
  -4.0106146668151688       -3.2719996787374157     
  -3.7618039693246357       -2.9934597389895430     
  -3.5157287279619602       -2.7203945785101382     
  -3.2724631013720682       -2.4528409890183411     
  -3.0320804005806172       -2.1908346718208236     
  -2.7946530678477597       -1.9344102551100377     
  -2.5602526564819543       -1.6836013150007147     
  -2.3289498054176074       -1.4384403948665181     
  -2.1008142209719445       -1.1989590190464696     
  -1.8759146554934878      -0.96518771514911350     
  -1.6543188850716537      -0.73715602920373158     
  -1.4360936902975023      -0.51489254024528464     
  -1.2213048376497824      -0.29842487808724627     
  -1.0100170558132173       -8.7779771518569305E-002
 -0.80229401928674982        0.0000000000000000     
 -0.59819832887680380        0.0000000000000000     
 -0.39779149085117282        0.0000000000000000     
 -0.20113390092482497        0.0000000000000000     
  -8.2848252009259937E-003   0.0000000000000000     
  0.18069761929451586        0.0000000000000000     
  0.36575648008484052        0.0000000000000000     
  0.54683598647138076        0.0000000000000000     
  0.72388156846349005        0.0000000000000000     
  0.89683987062309178        0.0000000000000000     
   1.0656587689041301        0.0000000000000000     
   1.2302873881485070        0.0000000000000000     
   1.3906761152420568        0.0000000000000000     
   1.5467766142101189        0.0000000000000000     
   1.6985418425962071        0.0000000000000000     
   1.8459260638470685        0.0000000000000000     
   1.9888848608898293        0.0000000000000000     
   2.1273751518990061        0.0000000000000000     
   2.2613552009076034        0.0000000000000000     
   2.3907846305059510        0.0000000000000000     
   2.5156244360602718        0.0000000000000000     
   2.6358369951609486        0.0000000000000000     
   2.7513860794756297        0.0000000000000000     
   2.8622368674313092        0.0000000000000000     
   2.9683559526079897        0.0000000000000000     
   3.0697113538346379        0.0000000000000000     
   3.1662725270099399        0.0000000000000000     
   3.2580103719293234        0.0000000000000000     
   3.3448972414496332        0.0000000000000000     
   3.4269069517847179        0.0000000000000000     
   3.5040147881727037        0.0000000000000000     
   3.5761975124211616        0.0000000000000000     
   3.6434333718123435        0.0000000000000000     
   3.7057021040140867        0.0000000000000000     
   3.7629849426775897        0.0000000000000000     
   3.8152646256244522        0.0000000000000000     
   3.8625253976482554       -5.3622578904563259E-005
   3.9047530153165253       -5.3622567293904549E-005
   3.9419347534169269       -5.6645922530614338E-004
   3.9740594067928185       -5.6754085238255167E-005
   4.0011172934194388       -5.7332768854507790E-005
   4.0231002598406986       -1.2783027410191578E-004
   4.0400016812093220       -5.7406844719807780E-005
   4.0518164631732034       -5.7405364091244963E-005
   4.0585410460334455       -5.7426165155853839E-005
   4.0601734032438905       -5.7425996604660078E-005
   4.0567130420527899       -5.7435456319117761E-005
   4.0481610061062936       -5.7432437635432147E-005
   4.0345198726517246       -5.7432284323691207E-005
   4.0157937518629758       -5.7430415796451534E-005
   3.9919882879151407       -5.7430248599659017E-005
   3.9631106549144341       -5.7431928650575688E-005
   3.9291695547233387       -5.7431757309813451E-005
   3.8901752167311647       -5.7432598112031604E-005
   3.8461393924828080       -5.7433540376133729E-005
   3.7970753519864373       -5.7433486592035047E-005
   3.7429978821571184       -5.7433317438260611E-005
   3.6839232799892443       -5.7433536194845574E-005
   3.6198693476350972       -5.7433384696713663E-005
   3.5508553893574004       -5.7433359163949508E-005
   3.4769022035797441       -5.7433245933670263E-005
   3.3980320763406460       -5.7433286379632645E-005
   3.3142687769989805       -5.7433227813475824E-005
   3.2256375487849489       -5.7433084101166600E-005
   3.1321651011730078       -5.7433184097665630E-005
   3.0338796040494467       -5.7433122289780675E-005
   2.9308106772706406       -5.7432991884127670E-005
   2.8229893813344367       -5.7433110199795561E-005
   2.7104482103939560       -5.7433072078577404E-005
   2.5932210802895188       -5.7432986582883458E-005
   2.4713433182292119       -5.7433095266338184E-005
   2.3448516545097480       -5.7433083899200322E-005
   2.2137842093615632       -5.7433059683804825E-005
   2.0781804809129767       -5.7433017694826741E-005
   1.9380813359607676       -5.7432964014532157E-005
   1.7935289953223474       -5.7433127492285681E-005
   1.6445670210613641       -5.7433123992520872E-005
   1.4912403056399544       -5.7433119773272535E-005
   1.3335950564477645       -5.7433115124432804E-005
   1.1716787812161882       -5.7433110675392323E-005
   1.0055402763510048       -5.7433107274731914E-005
  0.83522960999132145       -5.7433106170874444E-005
  0.66079810666520389      -0.12560816056736712     
  0.48229833497705188      -0.44655874811070362     
  0.29978408801591883      -0.77307704000355670     
  0.11331036835024832       -1.1051178438818852     
  -7.7066626937099272E-002  -1.4426346749321510     
 -0.27128952510226867       -1.7855797291762769     
 -0.46929979531952348       -2.1339038555681213     
 -0.67103776316992136       -2.4875565290547570     
 -0.87644263245200982       -2.8464858201439256     
  -1.0854525021332559       -3.2106383640372655     
  -1.2980043836057789       -3.5799593331965980     
  -1.5140342214166971       -7.3333054507531301     
  -1.7334769128914160       -7.7140363164082260     
  -1.9562663246413270       -7.9227544607841764     
  -2.1823353163570882       -8.1352999582405232     
  -2.4116157595224901       -8.3516333742632582     
  -2.6440385567738689       -8.5717142705711353     
  -2.8795336646800500       -8.7955011921770847     
  -3.1180301132103758       -9.0229516572537705     
  -3.3594560280559058       -9.2540221478910780     
  -3.6037386521739609       -9.4886680936957077     
  -3.8508043680482853       -9.7268438643137642     
  -4.1005787185449556       -9.9685027580450765     
  -4.3529864311299278       -10.213596987820551     
  -4.6079514387960563       -10.462077660862462     
  -4.8653969043053120       -10.713894791847167     
  -5.1252452429015927       -10.968997286481681     
  -5.3874181460506065       -11.227332822454741     
  -5.6518366042280368       -11.488848136785577     
  -5.9184209308283959       -11.753488667846227     
  -6.1870907872917495       -12.021198702027903     
  -6.4577652060366386       -12.291921354778083     
  -6.7303626155787093       -12.565598550845777     
  -7.0048008651962572       -12.842170866408367     
  -7.2809972491229740       -13.121577486880312     
  -7.5588685312921893       -13.403757582543108     
  -7.8383309715844547       -13.688647042229491     
  -8.1193003500090732       -13.976183389999676     
