 0.0000000E+00   0.0000000E+00   0.0000000E+00
 0.0000000E+00   0.0000000E+00   0.0000000E+00
 0.0000000E+00   0.0000000E+00   0.0000000E+00
 0.0000000E+00   0.0000000E+00   0.0000000E+00
 0.0000000E+00   0.0000000E+00   0.0000000E+00
 0.0000000E+00   0.0000000E+00   0.0000000E+00
 0.0000000E+00   0.0000000E+00   0.0000000E+00
 0.0000000E+00   0.0000000E+00   0.0000000E+00
 0.0000000E+00   0.0000000E+00   0.0000000E+00
 0.0000000E+00   0.0000000E+00   0.0000000E+00
 0.0000000E+00   0.0000000E+00   0.0000000E+00
 0.0000000E+00   0.0000000E+00   0.0000000E+00
 0.0000000E+00   0.0000000E+00   0.0000000E+00
 0.0000000E+00   0.0000000E+00   0.0000000E+00
 0.0000000E+00   0.0000000E+00   0.0000000E+00
 0.0000000E+00   0.0000000E+00   0.0000000E+00
 3.2862704E+01   0.0000000E+00   0.0000000E+00
 3.3171096E+00   0.0000000E+00   0.0000000E+00
 0.0000000E+00   0.0000000E+00   0.0000000E+00
 0.0000000E+00   0.0000000E+00   0.0000000E+00
 0.0000000E+00   0.0000000E+00   0.0000000E+00
 0.0000000E+00   0.0000000E+00   0.0000000E+00
 0.0000000E+00   0.0000000E+00   0.0000000E+00
 0.0000000E+00   0.0000000E+00   0.0000000E+00
 0.0000000E+00   0.0000000E+00   0.0000000E+00
 0.0000000E+00   0.0000000E+00   0.0000000E+00
 0.0000000E+00   0.0000000E+00   0.0000000E+00
 0.0000000E+00   0.0000000E+00   0.0000000E+00
 0.0000000E+00   0.0000000E+00   0.0000000E+00
 0.0000000E+00   0.0000000E+00   0.0000000E+00
 0.0000000E+00   0.0000000E+00   0.0000000E+00
 0.0000000E+00   0.0000000E+00   0.0000000E+00
 0.0000000E+00   0.0000000E+00   0.0000000E+00
 0.0000000E+00   0.0000000E+00   0.0000000E+00
 0.0000000E+00   0.0000000E+00   0.0000000E+00
 0.0000000E+00   0.0000000E+00   0.0000000E+00
 0.0000000E+00   0.0000000E+00   0.0000000E+00
 0.0000000E+00   0.0000000E+00   0.0000000E+00
 0.0000000E+00   0.0000000E+00   0.0000000E+00
 0.0000000E+00   0.0000000E+00   0.0000000E+00
 0.0000000E+00   0.0000000E+00   0.0000000E+00
 0.0000000E+00   0.0000000E+00   0.0000000E+00
 0.0000000E+00   0.0000000E+00   0.0000000E+00
 0.0000000E+00   0.0000000E+00   0.0000000E+00
 0.0000000E+00   0.0000000E+00   0.0000000E+00
 0.0000000E+00   0.0000000E+00   0.0000000E+00
 0.0000000E+00   0.0000000E+00   0.0000000E+00
 0.0000000E+00   0.0000000E+00   0.0000000E+00
 0.0000000E+00   0.0000000E+00   0.0000000E+00
 0.0000000E+00   0.0000000E+00   0.0000000E+00
 0.0000000E+00   0.0000000E+00   0.0000000E+00
 0.0000000E+00   0.0000000E+00   0.0000000E+00
 0.0000000E+00   0.0000000E+00   0.0000000E+00
 0.0000000E+00   0.0000000E+00   0.0000000E+00
 0.0000000E+00   0.0000000E+00   0.0000000E+00
 0.0000000E+00   0.0000000E+00   0.0000000E+00
 0.0000000E+00   0.0000000E+00   0.0000000E+00
 0.0000000E+00   0.0000000E+00   0.0000000E+00
 0.0000000E+00   0.0000000E+00   0.0000000E+00
 0.0000000E+00   0.0000000E+00   0.0000000E+00
 0.0000000E+00   0.0000000E+00   0.0000000E+00
 0.0000000E+00   0.0000000E+00   0.0000000E+00
 0.0000000E+00   0.0000000E+00   0.0000000E+00
 0.0000000E+00   0.0000000E+00   0.0000000E+00
 0.0000000E+00   0.0000000E+00   0.0000000E+00
 0.0000000E+00   0.0000000E+00   0.0000000E+00
 0.0000000E+00   0.0000000E+00   0.0000000E+00
 0.0000000E+00   0.0000000E+00   0.0000000E+00
 0.0000000E+00   0.0000000E+00   0.0000000E+00
 0.0000000E+00   0.0000000E+00   0.0000000E+00
 0.0000000E+00   0.0000000E+00   0.0000000E+00
 0.0000000E+00   0.0000000E+00   0.0000000E+00
 0.0000000E+00   0.0000000E+00   0.0000000E+00
 0.0000000E+00   0.0000000E+00   0.0000000E+00
 0.0000000E+00   0.0000000E+00   0.0000000E+00
 0.0000000E+00   0.0000000E+00   0.0000000E+00
 0.0000000E+00   0.0000000E+00   0.0000000E+00
 0.0000000E+00   0.0000000E+00   0.0000000E+00
 0.0000000E+00   0.0000000E+00   0.0000000E+00
 0.0000000E+00   0.0000000E+00   0.0000000E+00
 0.0000000E+00   0.0000000E+00   0.0000000E+00
 0.0000000E+00   0.0000000E+00   0.0000000E+00
 0.0000000E+00   0.0000000E+00   0.0000000E+00
 0.0000000E+00   0.0000000E+00   0.0000000E+00
 0.0000000E+00   0.0000000E+00   0.0000000E+00
 0.0000000E+00   0.0000000E+00   0.0000000E+00
 0.0000000E+00   0.0000000E+00   0.0000000E+00
 0.0000000E+00   0.0000000E+00   0.0000000E+00
 0.0000000E+00   0.0000000E+00   0.0000000E+00
 0.0000000E+00   0.0000000E+00   0.0000000E+00
 0.0000000E+00   0.0000000E+00   0.0000000E+00
 0.0000000E+00   0.0000000E+00   0.0000000E+00
 0.0000000E+00   0.0000000E+00   0.0000000E+00
 0.0000000E+00   0.0000000E+00   0.0000000E+00
 0.0000000E+00   0.0000000E+00   0.0000000E+00
 0.0000000E+00   0.0000000E+00   0.0000000E+00
 0.0000000E+00   0.0000000E+00   0.0000000E+00
 0.0000000E+00   0.0000000E+00   0.0000000E+00
 0.0000000E+00   0.0000000E+00   0.0000000E+00
 0.0000000E+00   0.0000000E+00   0.0000000E+00
 0.0000000E+00   0.0000000E+00   0.0000000E+00
 0.0000000E+00   0.0000000E+00   0.0000000E+00
 0.0000000E+00   0.0000000E+00   0.0000000E+00
 0.0000000E+00   0.0000000E+00   0.0000000E+00
 0.0000000E+00   0.0000000E+00   0.0000000E+00
 0.0000000E+00   0.0000000E+00   0.0000000E+00
 0.0000000E+00   0.0000000E+00   0.0000000E+00
 0.0000000E+00   0.0000000E+00   0.0000000E+00
 0.0000000E+00   0.0000000E+00   0.0000000E+00
 0.0000000E+00   0.0000000E+00   0.0000000E+00
 0.0000000E+00   0.0000000E+00   0.0000000E+00
 0.0000000E+00   0.0000000E+00   0.0000000E+00
 0.0000000E+00   0.0000000E+00   0.0000000E+00
 0.0000000E+00   0.0000000E+00   0.0000000E+00
 0.0000000E+00   0.0000000E+00   0.0000000E+00
 0.0000000E+00   0.0000000E+00   0.0000000E+00
 0.0000000E+00   0.0000000E+00   0.0000000E+00
 0.0000000E+00   0.0000000E+00   0.0000000E+00
 0.0000000E+00   0.0000000E+00   0.0000000E+00
 0.0000000E+00   0.0000000E+00   0.0000000E+00
 0.0000000E+00   0.0000000E+00   0.0000000E+00
 0.0000000E+00   0.0000000E+00   0.0000000E+00
 0.0000000E+00   0.0000000E+00   0.0000000E+00
 0.0000000E+00   0.0000000E+00   0.0000000E+00
 0.0000000E+00   0.0000000E+00   0.0000000E+00
 0.0000000E+00   0.0000000E+00   0.0000000E+00
 0.0000000E+00   0.0000000E+00   0.0000000E+00
 0.0000000E+00   0.0000000E+00   0.0000000E+00
 0.0000000E+00   0.0000000E+00   0.0000000E+00
 0.0000000E+00   0.0000000E+00   0.0000000E+00
 0.0000000E+00   0.0000000E+00   0.0000000E+00
 0.0000000E+00   0.0000000E+00   0.0000000E+00
 0.0000000E+00   0.0000000E+00   0.0000000E+00
 0.0000000E+00   0.0000000E+00   0.0000000E+00
 0.0000000E+00   0.0000000E+00   0.0000000E+00
 0.0000000E+00   0.0000000E+00   0.0000000E+00
 0.0000000E+00   0.0000000E+00   0.0000000E+00
 0.0000000E+00   0.0000000E+00   0.0000000E+00
 0.0000000E+00   0.0000000E+00   0.0000000E+00
 0.0000000E+00   0.0000000E+00   0.0000000E+00
 0.0000000E+00   0.0000000E+00   0.0000000E+00
 0.0000000E+00   0.0000000E+00   0.0000000E+00
 0.0000000E+00   0.0000000E+00   0.0000000E+00
 0.0000000E+00   0.0000000E+00   0.0000000E+00
 0.0000000E+00   0.0000000E+00   0.0000000E+00
 0.0000000E+00   0.0000000E+00   0.0000000E+00
 0.0000000E+00   0.0000000E+00   0.0000000E+00
 0.0000000E+00   0.0000000E+00   0.0000000E+00
 0.0000000E+00   0.0000000E+00   0.0000000E+00
 0.0000000E+00   0.0000000E+00   0.0000000E+00
 0.0000000E+00   0.0000000E+00   0.0000000E+00
 0.0000000E+00   0.0000000E+00   0.0000000E+00
 0.0000000E+00   0.0000000E+00   0.0000000E+00
 0.0000000E+00   0.0000000E+00   0.0000000E+00
 0.0000000E+00   0.0000000E+00   0.0000000E+00
 0.0000000E+00   0.0000000E+00   0.0000000E+00
 0.0000000E+00   0.0000000E+00   0.0000000E+00
 0.0000000E+00   0.0000000E+00   0.0000000E+00
 0.0000000E+00   0.0000000E+00   0.0000000E+00
 0.0000000E+00   0.0000000E+00   0.0000000E+00
 0.0000000E+00   0.0000000E+00   0.0000000E+00
 0.0000000E+00   0.0000000E+00   0.0000000E+00
 0.0000000E+00   0.0000000E+00   0.0000000E+00
 0.0000000E+00   0.0000000E+00   0.0000000E+00
 0.0000000E+00   0.0000000E+00   0.0000000E+00
 0.0000000E+00   0.0000000E+00   0.0000000E+00
 0.0000000E+00   0.0000000E+00   0.0000000E+00
 0.0000000E+00   0.0000000E+00   0.0000000E+00
 0.0000000E+00   0.0000000E+00   0.0000000E+00
 0.0000000E+00   0.0000000E+00   0.0000000E+00
 0.0000000E+00   0.0000000E+00   0.0000000E+00
 0.0000000E+00   0.0000000E+00   0.0000000E+00
 0.0000000E+00   0.0000000E+00   0.0000000E+00
 0.0000000E+00   0.0000000E+00   0.0000000E+00
 0.0000000E+00   0.0000000E+00   0.0000000E+00
 0.0000000E+00   0.0000000E+00   0.0000000E+00
 0.0000000E+00   0.0000000E+00   0.0000000E+00
 0.0000000E+00   0.0000000E+00   0.0000000E+00
 0.0000000E+00   0.0000000E+00   0.0000000E+00
 0.0000000E+00   0.0000000E+00   0.0000000E+00
 0.0000000E+00   0.0000000E+00   0.0000000E+00
 0.0000000E+00   0.0000000E+00   0.0000000E+00
 0.0000000E+00   0.0000000E+00   0.0000000E+00
 0.0000000E+00   0.0000000E+00   0.0000000E+00
 0.0000000E+00   0.0000000E+00   0.0000000E+00
 0.0000000E+00   0.0000000E+00   0.0000000E+00
 0.0000000E+00   0.0000000E+00   0.0000000E+00
 0.0000000E+00   0.0000000E+00   0.0000000E+00
 0.0000000E+00   0.0000000E+00   0.0000000E+00
 0.0000000E+00   0.0000000E+00   0.0000000E+00
 0.0000000E+00   0.0000000E+00   0.0000000E+00
 0.0000000E+00   0.0000000E+00   0.0000000E+00
 0.0000000E+00   0.0000000E+00   0.0000000E+00
 0.0000000E+00   0.0000000E+00   0.0000000E+00
 0.0000000E+00   0.0000000E+00   0.0000000E+00
 0.0000000E+00   0.0000000E+00   0.0000000E+00
 0.0000000E+00   0.0000000E+00   0.0000000E+00
 0.0000000E+00   0.0000000E+00   0.0000000E+00
 0.0000000E+00   0.0000000E+00   0.0000000E+00
 0.0000000E+00   0.0000000E+00   0.0000000E+00
 0.0000000E+00   0.0000000E+00   0.0000000E+00
 0.0000000E+00   0.0000000E+00   0.0000000E+00
 0.0000000E+00   0.0000000E+00   0.0000000E+00
 0.0000000E+00   0.0000000E+00   0.0000000E+00
 0.0000000E+00   0.0000000E+00   0.0000000E+00
 0.0000000E+00   0.0000000E+00   0.0000000E+00
 0.0000000E+00   0.0000000E+00   0.0000000E+00
 0.0000000E+00   0.0000000E+00   0.0000000E+00
 0.0000000E+00   0.0000000E+00   0.0000000E+00
 0.0000000E+00   0.0000000E+00   0.0000000E+00
 0.0000000E+00   0.0000000E+00   0.0000000E+00
 0.0000000E+00   0.0000000E+00   0.0000000E+00
 0.0000000E+00   0.0000000E+00   0.0000000E+00
 0.0000000E+00   0.0000000E+00   0.0000000E+00
 0.0000000E+00   0.0000000E+00   0.0000000E+00
 0.0000000E+00   0.0000000E+00   0.0000000E+00
 0.0000000E+00   0.0000000E+00   0.0000000E+00
 0.0000000E+00   0.0000000E+00   0.0000000E+00
 0.0000000E+00   0.0000000E+00   0.0000000E+00
 0.0000000E+00   0.0000000E+00   0.0000000E+00
 0.0000000E+00   0.0000000E+00   0.0000000E+00
 0.0000000E+00   0.0000000E+00   0.0000000E+00
 0.0000000E+00   0.0000000E+00   0.0000000E+00
 0.0000000E+00   0.0000000E+00   0.0000000E+00
 0.0000000E+00   0.0000000E+00   0.0000000E+00
 0.0000000E+00   0.0000000E+00   0.0000000E+00
 0.0000000E+00   0.0000000E+00   0.0000000E+00
 0.0000000E+00   0.0000000E+00   0.0000000E+00
 0.0000000E+00   0.0000000E+00   0.0000000E+00
 0.0000000E+00   0.0000000E+00   0.0000000E+00
 0.0000000E+00   0.0000000E+00   0.0000000E+00
 0.0000000E+00   0.0000000E+00   0.0000000E+00
 0.0000000E+00   0.0000000E+00   0.0000000E+00
 0.0000000E+00   0.0000000E+00   0.0000000E+00
 0.0000000E+00   0.0000000E+00   0.0000000E+00
 0.0000000E+00   0.0000000E+00   0.0000000E+00
 0.0000000E+00   0.0000000E+00   0.0000000E+00
 0.0000000E+00   0.0000000E+00   0.0000000E+00
 0.0000000E+00   0.0000000E+00   0.0000000E+00
 0.0000000E+00   0.0000000E+00   0.0000000E+00
 0.0000000E+00   0.0000000E+00   0.0000000E+00
 0.0000000E+00   0.0000000E+00   0.0000000E+00
 0.0000000E+00   0.0000000E+00   0.0000000E+00
 0.0000000E+00   0.0000000E+00   0.0000000E+00
 0.0000000E+00   0.0000000E+00   0.0000000E+00
 0.0000000E+00   0.0000000E+00   0.0000000E+00
 0.0000000E+00   0.0000000E+00   0.0000000E+00
 0.0000000E+00   0.0000000E+00   0.0000000E+00
 0.0000000E+00   0.0000000E+00   0.0000000E+00
 0.0000000E+00   0.0000000E+00   0.0000000E+00
 0.0000000E+00   0.0000000E+00   0.0000000E+00
 0.0000000E+00   0.0000000E+00   0.0000000E+00
 0.0000000E+00   0.0000000E+00   0.0000000E+00
 0.0000000E+00   0.0000000E+00   0.0000000E+00
 0.0000000E+00   0.0000000E+00   0.0000000E+00
 0.0000000E+00   0.0000000E+00   0.0000000E+00
 0.0000000E+00   0.0000000E+00   0.0000000E+00
 0.0000000E+00   0.0000000E+00   0.0000000E+00
 0.0000000E+00   0.0000000E+00   0.0000000E+00
 0.0000000E+00   0.0000000E+00   0.0000000E+00
 0.0000000E+00   0.0000000E+00   0.0000000E+00
 0.0000000E+00   0.0000000E+00   0.0000000E+00
 0.0000000E+00   0.0000000E+00   0.0000000E+00
 0.0000000E+00   0.0000000E+00   0.0000000E+00
 0.0000000E+00   0.0000000E+00   0.0000000E+00
 0.0000000E+00   0.0000000E+00   0.0000000E+00
 0.0000000E+00   0.0000000E+00   0.0000000E+00
 0.0000000E+00   0.0000000E+00   0.0000000E+00
 0.0000000E+00   0.0000000E+00   0.0000000E+00
 0.0000000E+00   0.0000000E+00   0.0000000E+00
 0.0000000E+00   0.0000000E+00   0.0000000E+00
 0.0000000E+00   0.0000000E+00   0.0000000E+00
 0.0000000E+00   0.0000000E+00   0.0000000E+00
 0.0000000E+00   0.0000000E+00   0.0000000E+00
 0.0000000E+00   0.0000000E+00   0.0000000E+00
 0.0000000E+00   0.0000000E+00   0.0000000E+00
 0.0000000E+00   0.0000000E+00   0.0000000E+00
 0.0000000E+00   0.0000000E+00   0.0000000E+00
 0.0000000E+00   0.0000000E+00   0.0000000E+00
 0.0000000E+00   0.0000000E+00   0.0000000E+00
 0.0000000E+00   0.0000000E+00   0.0000000E+00
 0.0000000E+00   0.0000000E+00   0.0000000E+00
 0.0000000E+00   0.0000000E+00   0.0000000E+00
 0.0000000E+00   0.0000000E+00   0.0000000E+00
 0.0000000E+00   0.0000000E+00   0.0000000E+00
 0.0000000E+00   0.0000000E+00   0.0000000E+00
 0.0000000E+00   0.0000000E+00   0.0000000E+00
 0.0000000E+00   0.0000000E+00   0.0000000E+00
 0.0000000E+00   0.0000000E+00   0.0000000E+00
 0.0000000E+00   0.0000000E+00   0.0000000E+00
 0.0000000E+00   0.0000000E+00   0.0000000E+00
 0.0000000E+00   0.0000000E+00   0.0000000E+00
 0.0000000E+00   0.0000000E+00   0.0000000E+00
 0.0000000E+00   0.0000000E+00   0.0000000E+00
 0.0000000E+00   0.0000000E+00   0.0000000E+00
 0.0000000E+00   0.0000000E+00   0.0000000E+00
 0.0000000E+00   0.0000000E+00   0.0000000E+00
 0.0000000E+00   5.9016674E-03   0.0000000E+00
 0.0000000E+00   8.1170871E-03  -2.0000000E-02
 0.0000000E+00   8.3180454E-03   0.0000000E+00
 0.0000000E+00   8.3483955E-03  -2.0000000E-02
 0.0000000E+00   8.3656976E-03   0.0000000E+00
 0.0000000E+00   8.3685890E-03   0.0000000E+00
 0.0000000E+00   8.3548940E-03  -2.0000000E-02
 0.0000000E+00   8.3207871E-03   0.0000000E+00
 0.0000000E+00   8.2584625E-03   0.0000000E+00
 0.0000000E+00   8.1468760E-03  -2.0000000E-02
 4.4974421E-03   4.3573233E-03   0.0000000E+00
 1.6780586E-02   0.0000000E+00   2.0000000E-02
 7.3688660E-03   0.0000000E+00   2.0000000E-02
 6.5741721E-03   0.0000000E+00   0.0000000E+00
 6.5576991E-03   0.0000000E+00   0.0000000E+00
 6.2628259E-03   0.0000000E+00   2.0000000E-02
 6.2919509E-03   0.0000000E+00   0.0000000E+00
 6.1998252E-03   0.0000000E+00   2.0000000E-02
 5.7813117E-03   0.0000000E+00   0.0000000E+00
 5.9250174E-03   0.0000000E+00   0.0000000E+00
 5.8229526E-03   0.0000000E+00   2.0000000E-02
 6.9077642E-03   0.0000000E+00   0.0000000E+00
 8.8044390E-03   0.0000000E+00   0.0000000E+00
 9.8820019E-03   0.0000000E+00   2.0000000E-02
 8.9551951E-03   0.0000000E+00   0.0000000E+00
 1.1693409E-02   0.0000000E+00   2.0000000E-02
 9.7015434E-03   0.0000000E+00   2.0000000E-02
 1.1707456E-02   0.0000000E+00   0.0000000E+00
 1.0402468E-02   0.0000000E+00   2.0000000E-02
 1.0154436E-02   0.0000000E+00   0.0000000E+00
 1.1186013E-02   0.0000000E+00   2.0000000E-02
 9.5381163E-03   0.0000000E+00   2.0000000E-02
 1.1504011E-02   0.0000000E+00   0.0000000E+00
 9.3690252E-03   0.0000000E+00   2.0000000E-02
 1.0379589E-02   0.0000000E+00   0.0000000E+00
 9.5184072E-03   0.0000000E+00   2.0000000E-02
 9.3914133E-03   0.0000000E+00   0.0000000E+00
 9.2458748E-03   0.0000000E+00   2.0000000E-02
 8.6667430E-03   0.0000000E+00   0.0000000E+00
 8.6486073E-03   0.0000000E+00   2.0000000E-02
 8.3232691E-03   0.0000000E+00   0.0000000E+00
 7.6992643E-03   0.0000000E+00   2.0000000E-02
 8.3215505E-03   0.0000000E+00   0.0000000E+00
 6.3948869E-03   0.0000000E+00   2.0000000E-02
 7.9956972E-03   0.0000000E+00   0.0000000E+00
 6.2914937E-03   0.0000000E+00   0.0000000E+00
 6.4094315E-03   0.0000000E+00   2.0000000E-02
 6.9876126E-03   0.0000000E+00   0.0000000E+00
 5.0301058E-03   0.0000000E+00   0.0000000E+00
 5.5445763E-03   0.0000000E+00   2.0000000E-02
 5.9262256E-03   0.0000000E+00   0.0000000E+00
 4.5893528E-03   0.0000000E+00   0.0000000E+00
 3.8351389E-03   0.0000000E+00   0.0000000E+00
 4.7171382E-03   0.0000000E+00   2.0000000E-02
 4.3853262E-03   0.0000000E+00   0.0000000E+00
 3.4793559E-03   0.0000000E+00   0.0000000E+00
 2.6601814E-03   0.0000000E+00   0.0000000E+00
 2.3519029E-03   0.0000000E+00   0.0000000E+00
 2.5470505E-03   0.0000000E+00   2.0000000E-02
 2.3003465E-03   0.0000000E+00   0.0000000E+00
 1.8648644E-03   0.0000000E+00   0.0000000E+00
 1.4221110E-03   0.0000000E+00   0.0000000E+00
 9.7223354E-04   0.0000000E+00   0.0000000E+00
 5.1538176E-04   0.0000000E+00   0.0000000E+00
 8.7112098E-05   0.0000000E+00   0.0000000E+00
 0.0000000E+00   0.0000000E+00   0.0000000E+00
 0.0000000E+00   0.0000000E+00   0.0000000E+00
 0.0000000E+00   0.0000000E+00   0.0000000E+00
 0.0000000E+00   0.0000000E+00   0.0000000E+00
 0.0000000E+00   0.0000000E+00   0.0000000E+00
 0.0000000E+00   0.0000000E+00   0.0000000E+00
 0.0000000E+00   0.0000000E+00   0.0000000E+00
 0.0000000E+00   0.0000000E+00   0.0000000E+00
 0.0000000E+00   0.0000000E+00   0.0000000E+00
 0.0000000E+00   0.0000000E+00   0.0000000E+00
 0.0000000E+00   0.0000000E+00   0.0000000E+00
 0.0000000E+00   0.0000000E+00   0.0000000E+00
 0.0000000E+00   0.0000000E+00   0.0000000E+00
 0.0000000E+00   0.0000000E+00   0.0000000E+00
 0.0000000E+00   0.0000000E+00   0.0000000E+00
 0.0000000E+00   0.0000000E+00   0.0000000E+00
 0.0000000E+00   0.0000000E+00   0.0000000E+00
 0.0000000E+00   0.0000000E+00   0.0000000E+00
 0.0000000E+00   0.0000000E+00   0.0000000E+00
 0.0000000E+00   0.0000000E+00   0.0000000E+00
 0.0000000E+00   0.0000000E+00   0.0000000E+00
 0.0000000E+00   0.0000000E+00   0.0000000E+00
 0.0000000E+00   0.0000000E+00   0.0000000E+00
 0.0000000E+00   0.0000000E+00   0.0000000E+00
 0.0000000E+00   0.0000000E+00   0.0000000E+00
 0.0000000E+00   0.0000000E+00   0.0000000E+00
 0.0000000E+00   0.0000000E+00   0.0000000E+00
 0.0000000E+00   0.0000000E+00   0.0000000E+00
 0.0000000E+00   0.0000000E+00   0.0000000E+00
 0.0000000E+00   0.0000000E+00   0.0000000E+00
 0.0000000E+00   0.0000000E+00   0.0000000E+00
 0.0000000E+00   0.0000000E+00   0.0000000E+00
 0.0000000E+00   0.0000000E+00   0.0000000E+00
 0.0000000E+00   0.0000000E+00   0.0000000E+00
 0.0000000E+00   0.0000000E+00   0.0000000E+00
 0.0000000E+00   0.0000000E+00   0.0000000E+00
 0.0000000E+00   0.0000000E+00   0.0000000E+00
