   0.00000000
   0.00000000
   0.00000000
   0.00000000
   0.00000000
   0.00000000
   0.00000000
   0.00000000
   0.00000000
   0.00000000
   0.00000000
   0.00000000
   0.00000000
   0.00000000
   0.00000000
   0.00000000
  -0.38536964
  -4.88465413
  -4.71648755
  -4.38277788
  -4.11740140
  -3.95257431
  -3.91453334
  -3.83442791
  -3.53915921
  -3.63010270
  -3.76794849
  -4.16812888
  -4.31869260
  -4.25277384
  -4.16569568
  -4.06869529
  -3.92375262
  -3.90109583
  -3.94268637
  -3.95925993
  -3.89517266
  -3.69848468
  -3.70123408
  -3.83409825
  -3.78314050
  -3.51608902
  -3.68568045
  -3.77735636
  -3.59151071
  -3.51862431
  -3.74960540
  -3.64415562
  -3.44213437
  -3.71180203
  -3.65412353
  -3.38771022
  -3.67383499
  -3.63289856
  -3.36826631
  -3.66785446
  -3.61612929
  -3.36317031
  -3.66924866
  -3.59358843
  -3.36916207
  -3.67652226
  -3.56949382
  -3.38029050
  -3.67600335
  -3.52082239
  -3.39585957
  -3.67093229
  -3.43786663
  -3.45373437
  -3.65676030
  -3.33481159
  -3.55026909
  -3.62139701
  -3.29322342
  -3.59889984
  -3.54659700
  -3.29295459
  -3.62429102
  -3.39649470
  -3.40866314
  -3.61076796
  -3.26479581
  -3.55472752
  -3.52575013
  -3.25907373
  -3.60340748
  -3.31962350
  -3.44288125
  -3.57019251
  -3.22696877
  -3.57305064
  -3.42938217
  -3.31660957
  -3.58984824
  -3.23323183
  -3.52881731
  -3.48629261
  -3.24079969
  -3.57746115
  -3.22404750
  -3.48364839
  -3.47636172
  -3.20573403
  -3.55778492
  -3.19524530
  -3.48369105
  -3.43787826
  -3.21604394
  -3.54438177
  -3.16561757
  -3.50063476
  -3.36376520
  -3.26049051
  -3.51001940
  -3.13261175
  -3.51322546
  -3.18301280
  -3.40468006
  -3.40419864
  -3.15605514
  -3.48937445
  -3.08811154
  -3.47795657
  -3.12769492
  -3.39599128
  -3.31984678
  -3.17863845
  -3.42807108
  -3.06919728
  -3.46201500
  -3.04879735
  -3.43740773
  -3.08542940
  -3.36885793
  -3.23082246
  -3.19763471
  -3.33650180
  -3.06994937
  -3.38848429
  -3.00472934
  -3.40437016
  -2.97346872
  -3.39692037
  -2.96026713
  -3.37595007
  -2.95564075
  -3.34981446
  -2.95318072
  -3.32457838
  -2.94742430
  -3.30141806
  -2.93477279
  -3.28514594
  -2.91265426
  -3.27667855
  -2.88153095
  -3.27302062
  -2.84693803
  -3.27193571
  -2.81498778
  -3.26454052
  -2.79400876
  -3.24170232
  -2.79483741
  -3.18519144
  -2.83010767
  -3.06115499
  -2.99194458
  -3.00574121
  -3.48314384
  -3.05144381
  -3.53919517
  -2.98852020
  -3.45774232
  -3.05333928
  -3.17633220
  -3.24437667
  -2.90840185
  -3.42297558
  -2.91295748
  -3.23871928
  -3.10572418
  -2.86795578
  -3.37740007
  -2.87985864
  -3.13211889
  -3.10743491
  -2.78862235
  -3.27317400
  -2.87298968
  -2.80348714
  -3.27427522
  -2.77821975
  -2.96605388
  -3.08449785
  -2.70133389
  -3.05005676
  -2.97043821
  -2.71561403
  -3.14269139
  -2.94992140
  -2.73229796
  -3.14434802
  -2.94661698
  -2.73552753
  -3.07390489
  -2.99922046
  -2.72728880
  -2.83166895
  -3.09345810
  -2.70252445
  -2.61778464
  -3.03535283
  -2.76747236
  -2.56430596
  -2.55449576
  -2.99781337
  -2.58936548
  -2.44673867
  -2.45224404
  -2.90785271
  -2.50446025
  -2.35350936
  -2.33005819
  -2.73749459
  -2.48944293
  -2.27431727
  -2.19676924
  -2.20235558
  -2.66552094
  -2.28634325
  -2.11534452
  -2.04941325
  -2.04191590
  -2.43886221
  -2.21082520
  -1.98722531
  -1.88305954
  -1.84701114
  -1.84644203
  -2.24142622
  -2.03696237
  -1.80499821
  -1.68719185
  -1.63386832
  -1.62114113
  -1.62371867
  -2.02521238
  -1.79262972
  -1.50887164
  -1.35883088
  -1.29606126
  -1.28305497
  -1.29437413
  -1.31573904
  -1.41396722
  -1.74042220
  -1.30618402
  -1.21382383
  -1.15707523
  -1.12977556
  -1.13353898
  -1.15050942
  -1.16652009
  -1.17541177
  -1.58600465
  -1.34739260
  -1.03738191
  -1.05181815
  -1.03453270
  -0.99275580
  -0.97697804
  -0.97568807
  -0.98111856
  -0.98708556
  -0.98883562
  -0.98451433
  -1.53885809
  -1.13014918
  -0.88131942
  -0.80898239
  -0.84330491
  -0.85720104
  -0.80487933
  -0.77465077
  -0.75733179
  -0.74790340
  -0.74305085
  -0.74019818
  -0.73755036
  -0.73396836
  -0.72880197
  -0.72174730
  -0.74032700
  -1.53358805
  -0.92023619
  -0.20652022
  -0.03866334
  -1.85423184
  -2.63835178
  -3.46273749
  -3.20392020
  -2.32491025
  -1.85670055
  -1.55167363
  -1.33136150
  -1.04771063
  -2.08965008
  -0.73185059
  -0.58323890
  -0.56253766
  -0.52039634
  -0.51911288
  -0.51074982
  -0.45231087
  -0.46213302
  -0.48111982
  -0.10147330
  -0.06297492
  -0.08859909
  -0.09929471
  -0.16737606
  -0.15504884
  -0.21948123
  -0.09003936
   0.00000000
  -0.11656573
  -0.25402673
  -0.30799238
  -0.24330820
  -0.30195983
  -0.23411073
  -0.24995686
  -0.20041590
  -0.17863821
  -0.13308401
  -0.09561472
  -0.05403531
  -0.02375850
  -0.00240199
   0.00000000
   0.00000000
   0.00000000
   0.00000000
   0.00000000
   0.00000000
   0.00000000
   0.00000000
   0.00000000
   0.00000000
   0.00000000
   0.00000000
   0.00000000
   0.00000000
   0.00000000
   0.00000000
   0.00000000
   0.00000000
   0.00000000
   0.00000000
   0.00000000
   0.00000000
   0.00000000
   0.00000000
   0.00000000
   0.00000000
   0.00000000
   0.00000000
   0.00000000
   0.00000000
   0.00000000
   0.00000000
   0.00000000
   0.00000000
   0.00000000
   0.00000000
   0.00000000
   0.00000000
   0.00000000
   0.00000000
  -0.03156768
  -0.10651143
  -0.11240334
  -0.11023415
  -0.10539961
  -0.09560628
  -0.07998305
  -0.06591570
  -0.04814178
  -0.02463138
  -0.00792709
   0.00000000
   0.00000000
   0.00000000
   0.00000000
   0.00000000
   0.00000000
   0.00000000
