   0.00000000
   0.00000000
   0.00000000
   0.00000000
   0.00000000
   0.00000000
   0.00000000
   0.00000000
   0.00000000
   0.00000000
   0.00000000
   0.00000000
   0.00000000
   0.00000000
   0.00000000
   0.00000000
   0.30090442
   3.21570183
   3.10405257
   2.97834298
   2.86051394
   2.79525600
   2.79559942
   2.74864015
   2.55288175
   2.63933081
   2.73337361
   2.86484478
   2.94008077
   2.92564867
   2.88869265
   2.83929150
   2.75548080
   2.75727711
   2.79755414
   2.81695136
   2.77304709
   2.64233998
   2.66232082
   2.76123253
   2.72255715
   2.53909827
   2.67592740
   2.73695827
   2.59682681
   2.56250850
   2.72733409
   2.63905738
   2.50813903
   2.70722986
   2.65280668
   2.47423428
   2.68813535
   2.64372235
   2.46373329
   2.68632242
   2.63275275
   2.46254772
   2.68844059
   2.61701836
   2.46900928
   2.69315321
   2.59929862
   2.47918789
   2.69331807
   2.56626495
   2.49606957
   2.69038698
   2.50939380
   2.54219168
   2.67927810
   2.44003991
   2.61507032
   2.65094757
   2.41854345
   2.65118832
   2.59477364
   2.42876194
   2.66856512
   2.48875860
   2.51963222
   2.65358449
   2.40103310
   2.62673312
   2.58538669
   2.41056149
   2.65845222
   2.43915280
   2.54966819
   2.62562278
   2.38288740
   2.64216268
   2.51758213
   2.45851649
   2.64595132
   2.38327554
   2.61405562
   2.56138870
   2.40428981
   2.64363035
   2.37848487
   2.58688993
   2.55939857
   2.38372450
   2.63366897
   2.36204249
   2.59025171
   2.53310582
   2.39493806
   2.62375815
   2.34557171
   2.60330921
   2.48093523
   2.43261812
   2.59714711
   2.33068591
   2.61242101
   2.35816835
   2.54222211
   2.51733430
   2.36200629
   2.59105469
   2.30388765
   2.59412236
   2.32478296
   2.54265130
   2.46065207
   2.38756473
   2.54709266
   2.30138733
   2.58202744
   2.27926445
   2.57270426
   2.30026944
   2.52942844
   2.40236468
   2.41000133
   2.48192414
   2.31664361
   2.52758799
   2.26515465
   2.54694520
   2.23918600
   2.54795144
   2.22788072
   2.53837113
   2.22387076
   2.52421203
   2.22224677
   2.50934115
   2.21911709
   2.49601682
   2.21164725
   2.48634031
   2.19842808
   2.48120858
   2.17978220
   2.47985024
   2.15905582
   2.47891472
   2.14135482
   2.47219383
   2.13317815
   2.45142595
   2.14344743
   2.40330755
   2.18102660
   2.30451612
   2.26932348
   2.17794244
   2.46182616
   2.17969108
   2.50357356
   2.16566537
   2.44932928
   2.21809264
   2.27069106
   2.34552132
   2.10738023
   2.44337869
   2.12931721
   2.30886750
   2.25493648
   2.07795257
   2.41477156
   2.10111304
   2.24119624
   2.25797100
   2.03229647
   2.35253142
   2.11086155
   2.02945512
   2.36028872
   2.03607795
   2.13476197
   2.24612678
   1.98473343
   2.19544450
   2.15842805
   1.96077652
   2.22934536
   2.12055381
   1.95057564
   2.21813713
   2.10617940
   1.93752252
   2.15037340
   2.12541717
   1.93060592
   1.98108991
   2.19684017
   1.92864995
   1.84462418
   2.14765417
   1.97915939
   1.82744816
   1.79962288
   2.14873621
   1.86715159
   1.75219692
   1.73634711
   2.09468547
   1.81067781
   1.69476424
   1.65992884
   1.97286147
   1.80965086
   1.65437251
   1.59194760
   1.58371471
   1.95493664
   1.67893181
   1.55094001
   1.49818049
   1.48666249
   1.80571645
   1.64809726
   1.48394845
   1.40541594
   1.37688253
   1.37404734
   1.69488230
   1.55227996
   1.37873974
   1.29050266
   1.25116547
   1.24181086
   1.24491950
   1.57395162
   1.43750439
   1.24958656
   1.14529930
   1.09581837
   1.08191605
   1.08819092
   1.10297509
   1.18279717
   1.46743041
   1.10950403
   1.03152158
   0.98322970
   0.95840067
   0.95927594
   0.97115833
   0.98252178
   0.98839584
   1.33382903
   1.14648080
   0.88971761
   0.90111525
   0.88648318
   0.85054688
   0.83617084
   0.83400710
   0.83751614
   0.84150040
   0.84203824
   0.83776436
   1.30499220
   0.96988589
   0.76283930
   0.70141993
   0.73062495
   0.74283449
   0.69760153
   0.67113309
   0.65585612
   0.64748950
   0.64314142
   0.64056411
   0.63818778
   0.63501130
   0.63045794
   0.62425259
   0.63983312
   1.31955940
   0.80096389
   0.18113239
   0.03356799
   1.59606423
   2.28586905
   3.08764196
   2.98522092
   2.27837832
   1.89870754
   1.64142088
   1.44795055
   1.15967113
   2.32388735
   0.85083946
   0.70265616
   0.67841277
   0.62568574
   0.60980483
   0.58669712
   0.51861807
   0.52375236
   0.51133760
   0.07058905
   0.04337577
   0.06183445
   0.09676834
   0.20149975
   0.19366952
   0.27975611
   0.11642253
   0.00000000
   0.14888543
   0.32386347
   0.39104364
   0.30823760
   0.38064960
   0.29437689
   0.31279178
   0.25001277
   0.22178402
   0.16460154
   0.11758345
   0.06620509
   0.02891242
   0.00291926
   0.00000000
   0.00000000
   0.00000000
   0.00000000
   0.00000000
   0.00000000
   0.00000000
   0.00000000
   0.00000000
   0.00000000
   0.00000000
   0.00000000
   0.00000000
   0.00000000
   0.00000000
   0.00000000
   0.00000000
   0.00000000
   0.00000000
   0.00000000
   0.00000000
   0.00000000
   0.00000000
   0.00000000
   0.00000000
   0.00000000
   0.00000000
   0.00000000
   0.00000000
   0.00000000
   0.00000000
   0.00000000
   0.00000000
   0.00000000
   0.00000000
   0.00000000
   0.00000000
   0.00000000
   0.00000000
   0.00000000
   0.02197196
   0.07210779
   0.07512628
   0.07265407
   0.06859039
   0.06147768
   0.05086284
   0.04140439
   0.02982362
   0.01495413
   0.00476116
   0.00000000
   0.00000000
   0.00000000
   0.00000000
   0.00000000
   0.00000000
   0.00000000
