   0.00000000
   0.00000000
  -1.71751016
  -4.26224644
  -0.09645247
   0.00000000
  -0.15620315
  -1.04723415
  -2.40676148
  -1.86597137
  -0.17526274
   0.00000000
   0.00000000
  -0.40662709
  -1.52577914
  -2.25987664
  -3.20234842
  -2.53306660
  -1.67001895
  -1.23917694
  -0.49162304
  -0.35604303
  -1.31730998
  -2.01553469
  -2.10535329
  -1.66988404
  -1.02801913
  -1.14525445
  -1.11771508
  -1.41063507
  -1.81622276
  -1.93082314
  -2.01375979
  -2.26373270
  -2.49270826
  -2.14605533
  -2.20116969
  -2.78227885
  -1.98448456
  -1.69310732
  -2.20355932
  -2.85241840
  -2.42123210
  -2.74531113
  -3.17711083
  -3.44556442
  -3.38943902
  -3.49291264
  -3.11268636
  -3.16956367
  -2.43208739
  -2.67804645
  -2.31599522
  -2.07167944
  -2.26151130
  -2.71100113
  -2.42807208
  -2.43433268
  -3.02487834
  -2.57312363
  -2.77367730
  -2.90564698
  -2.88537835
  -3.36253323
  -3.23424831
  -3.14137465
  -3.09148942
  -3.04606607
  -3.13957553
  -3.07931038
  -3.11961419
  -3.12444800
  -3.24413735
  -3.06101610
  -3.00543743
  -2.78693710
  -2.53732405
  -2.27267294
  -2.80074409
  -1.85337498
  -1.57319773
  -1.52770952
  -1.46271774
  -1.43303451
  -1.69850194
  -1.73740504
  -1.67887375
  -1.75667658
  -1.90591075
  -2.07319365
  -2.55494641
  -2.27261896
  -2.20088873
  -2.62379880
  -2.36924629
  -2.14180475
  -2.24966509
  -2.36105086
  -1.97705048
  -1.94043146
  -2.03716796
  -2.46876660
  -2.07681809
  -1.96316564
  -2.02971775
  -2.46469180
  -2.09058767
  -1.94143826
  -1.94706057
  -2.32947808
  -2.00980463
  -1.77828638
  -1.71210349
  -1.73186412
  -2.13241312
  -1.91537596
  -1.71027542
  -1.65313889
  -1.66648554
  -1.72835072
  -2.18790198
  -1.81338080
  -1.70111594
  -1.68511629
  -1.73982870
  -2.10008884
  -2.01094958
  -1.80060640
  -1.77001828
  -1.82125898
  -2.17041692
  -2.10450692
  -1.87098385
  -1.80466381
  -1.84851535
  -2.25270689
  -1.93397816
  -1.75626544
  -1.70553609
  -1.73043450
  -2.06977963
  -1.96289938
  -1.71480156
  -1.64458570
  -1.66950123
  -1.73749227
  -2.16705535
  -1.85884619
  -1.70556030
  -1.65906997
  -1.69798774
  -1.91851383
  -2.03495987
  -1.73721454
  -1.65865683
  -1.63650734
  -1.60466548
  -1.93749036
  -1.93069785
  -1.66885832
  -1.58575172
  -1.57743871
  -1.61723608
  -1.79225905
  -2.04234583
  -1.64683202
  -1.53267540
  -1.50729441
  -1.53055530
  -1.56993489
  -1.92589607
  -1.79253497
  -1.58511083
  -1.50847190
  -1.57458513
  -1.66569554
  -1.56582403
  -2.09272610
  -1.66785334
  -1.41595561
  -1.29436579
  -1.27147912
  -1.25238589
  -1.26888177
  -1.30252408
  -1.38073718
  -1.77569989
  -1.37067020
  -1.33727591
  -1.31322654
  -1.30561535
  -1.34059001
  -1.39931118
  -1.45860432
  -1.89608478
  -1.66457839
  -1.49290972
  -1.44632950
  -1.45265982
  -1.48868567
  -1.52846331
  -1.99670103
  -1.65838835
  -1.51420558
  -1.48089208
  -1.49395871
  -1.50424731
  -1.55560761
  -1.97649901
  -1.55437430
  -1.42703741
  -1.38220113
  -1.38479985
  -1.42333912
  -1.44856049
  -1.85355866
  -1.60763996
  -1.41813273
  -1.33900480
  -1.31859412
  -1.35006399
  -1.39917827
  -1.42142938
  -1.90218493
  -1.61970422
  -1.45276265
  -1.33516908
  -1.24940069
  -1.23439735
  -1.25845973
  -1.28250768
  -1.29276265
  -1.74111065
  -1.26007959
  -1.12226095
  -1.22456962
  -1.36131427
  -1.30757535
  -1.19722415
  -0.97712554
  -0.79430915
  -0.62205931
  -0.55393657
  -0.64963205
  -0.70829307
  -1.11835498
  -1.42243585
  -1.00266458
  -0.77236864
  -0.70375013
  -0.67798605
  -0.65213730
  -0.63440287
  -0.68519074
  -0.68385536
  -0.62814452
  -0.58305444
  -0.56663158
  -0.56202121
  -0.56299041
  -0.56591300
  -0.24359572
  -0.03897485
  -0.17423262
  -0.48370771
  -0.72344719
  -0.80595579
  -0.77633486
  -0.79496170
  -3.90863233
  -4.95237448
  -2.57459722
  -0.40198259
  -2.52730452
  -0.53203317
  -0.48826963
  -0.29368307
  -0.20219687
  -0.25295837
  -0.96202541
  -0.65855850
  -0.02840566
   0.00000000
  -0.13734908
  -0.09900975
  -0.14700626
  -0.03517784
  -0.00122386
  -0.10456828
  -0.09810901
   0.00000000
   0.00000000
   0.00000000
  -0.01338420
  -0.28244910
  -0.32336439
  -0.22884928
  -0.39896708
  -0.18285423
  -0.11752268
  -0.78848350
  -0.39419971
  -0.21116247
  -0.17118684
  -0.00803449
  -0.05669665
  -0.32108579
  -0.25792414
  -0.06790214
  -0.00513434
  -0.12763333
  -0.13535027
  -0.07196066
   0.00000000
   0.00000000
   0.00000000
   0.00000000
   0.00000000
   0.00000000
   0.00000000
   0.00000000
   0.00000000
   0.00000000
   0.00000000
   0.00000000
   0.00000000
   0.00000000
   0.00000000
   0.00000000
   0.00000000
   0.00000000
   0.00000000
   0.00000000
   0.00000000
   0.00000000
   0.00000000
   0.00000000
   0.00000000
   0.00000000
   0.00000000
   0.00000000
   0.00000000
   0.00000000
   0.00000000
   0.00000000
   0.00000000
   0.00000000
   0.00000000
   0.00000000
   0.00000000
   0.00000000
   0.00000000
   0.00000000
   0.00000000
   0.00000000
   0.00000000
   0.00000000
   0.00000000
  -0.72688019
  -5.58453024
  -1.43885979
  -2.62239639
  -0.40210036
  -0.05309792
  -0.11131509
   0.00000000
   0.00000000
  -0.20074260
  -2.31560429
  -1.40113870
  -0.90551374
  -1.73527149
  -2.44688521
  -2.43008623
  -2.29360966
  -3.54095448
  -3.77942482
  -4.41010786
  -3.29360773
  -3.02073739
  -2.51265947
  -3.39317244
  -3.86140425
  -4.33807660
  -3.92754130
  -3.91889413
  -3.61392503
  -2.66709487
  -3.00507913
  -2.77240260
  -2.18882184
  -2.48009867
  -2.93460942
  -2.69445228
  -3.17348156
  -2.69574455
  -3.00628787
  -2.39758871
  -2.00864467
