   0.00000000
   0.00000000
  -1.71673742
  -4.26379577
  -0.09562427
   0.00000000
  -0.19976887
  -1.79908638
  -3.32076178
  -1.89392639
  -0.53822664
  -0.02494439
   0.00000000
  -0.30204269
  -1.78557354
  -2.93836225
  -2.87402601
  -2.87775927
  -1.69684409
  -0.68335315
  -0.08143147
  -0.04426703
  -1.32586056
  -2.68471012
  -2.58629252
  -1.89768237
  -1.18214735
  -0.66767730
  -1.45632388
  -1.72422029
  -2.05573437
  -2.14935805
  -2.27879341
  -2.81562814
  -2.45895356
  -2.43906929
  -2.87744953
  -2.64102019
  -2.53931919
  -2.27363147
  -2.32436696
  -2.83895133
  -3.06025586
  -3.02236661
  -3.57730745
  -3.97325869
  -4.05888364
  -3.64133851
  -3.53572956
  -3.60851613
  -2.72056435
  -3.03631218
  -2.48807115
  -2.33773775
  -2.91568059
  -2.74026970
  -2.69825343
  -3.19866243
  -3.04832863
  -3.27633340
  -2.92596787
  -3.37015008
  -3.49166069
  -3.49077114
  -3.78462655
  -3.70154372
  -3.21008048
  -3.60808138
  -3.58335449
  -3.34580855
  -3.64978967
  -3.57839732
  -3.47369994
  -3.71954083
  -3.31522907
  -3.19166594
  -2.89023756
  -3.27076553
  -2.98925100
  -2.05441261
  -1.87751707
  -2.36372051
  -1.86575613
  -1.67831753
  -1.66560798
  -1.79757443
  -1.98170021
  -2.57227054
  -2.49807906
  -2.53262061
  -3.03539696
  -2.65207234
  -3.15468030
  -2.74681631
  -3.00144107
  -2.74052471
  -2.46234587
  -2.79055697
  -2.34444143
  -2.30210175
  -2.79755263
  -2.50569333
  -2.37834105
  -2.84927820
  -2.47791437
  -2.44267185
  -2.87329599
  -2.39763979
  -2.39946891
  -2.77349740
  -2.26381955
  -2.13789500
  -2.49207044
  -2.28554701
  -2.04878177
  -2.03813772
  -2.45102936
  -2.26063892
  -2.04504144
  -2.04821303
  -2.50519500
  -2.23594195
  -2.10463319
  -2.17806656
  -2.61973146
  -2.22851546
  -2.17033477
  -2.57514273
  -2.44193884
  -2.25230011
  -2.43103950
  -2.68631374
  -2.29538903
  -2.35410627
  -2.71125903
  -2.23560131
  -2.19218965
  -2.64958420
  -2.27421709
  -2.09561026
  -2.16048162
  -2.59215368
  -2.14434822
  -2.06155936
  -2.18736795
  -2.57415480
  -2.16518524
  -2.11021656
  -2.49917714
  -2.32225193
  -2.09703451
  -2.12629620
  -2.55764063
  -2.18430918
  -2.04852122
  -2.11981332
  -2.52273095
  -2.12581284
  -2.01250566
  -2.05332337
  -2.49226328
  -2.11066759
  -1.98374555
  -2.03673469
  -2.46826129
  -2.09529768
  -1.95720420
  -1.96681910
  -2.31945630
  -2.22270418
  -1.99475963
  -1.96937923
  -2.23490364
  -2.30362369
  -2.01462862
  -2.01745098
  -2.01154877
  -2.40640981
  -1.94740565
  -1.74774335
  -1.69305555
  -1.71099204
  -2.06496151
  -1.97983866
  -1.74909085
  -1.69481734
  -1.73713568
  -1.85413395
  -2.27361254
  -1.88758332
  -1.81529004
  -1.84405410
  -2.11061418
  -2.23330339
  -1.93579783
  -1.89617913
  -1.96584482
  -2.40378512
  -2.05771968
  -1.92788526
  -1.93933817
  -2.32518830
  -2.13984299
  -1.93686992
  -1.89961693
  -2.01430028
  -2.38713716
  -1.95140845
  -1.85370870
  -1.88482919
  -2.26971415
  -2.06214374
  -1.85310336
  -1.79598872
  -1.85169478
  -2.27859138
  -1.96377447
  -1.79969103
  -1.75483058
  -1.80377823
  -2.23586112
  -1.95015206
  -1.76280382
  -1.70662854
  -1.74698303
  -2.08564119
  -2.04867969
  -1.76732980
  -1.66046030
  -1.65247816
  -1.71510027
  -2.24905678
  -1.97748977
  -1.80906796
  -2.48061842
  -2.47005461
  -2.41033366
  -2.00820463
  -1.56320481
  -1.31516997
  -1.17840084
  -1.07055402
  -1.01608769
  -1.01959839
  -1.02945732
  -1.05522808
  -1.08942308
  -1.12651630
  -1.16250504
  -1.19475721
  -1.50398324
  -1.42785200
  -1.13801906
  -1.12395576
  -1.09912728
  -1.05462203
  -1.03912799
  -1.04214547
  -1.05383831
  -1.06622020
  -1.07354525
  -1.53652404
  -1.25680724
  -0.97281575
  -0.94081066
  -0.93920350
  -0.88559536
  -0.86411496
  -0.83779440
  -0.83070092
  -0.49874891
  -1.43242650
  -4.33233673
  -2.52111625
  -1.37230056
  -1.51552209
  -1.09382504
  -0.78536187
  -0.47874800
  -0.14671234
  -0.00792078
  -0.32062326
  -0.65911074
  -1.21722917
  -0.89009320
  -0.23575218
  -1.20394227
  -0.00211891
  -0.00173352
  -0.00738742
  -0.41718306
  -0.76993887
  -0.78067876
  -0.23938151
  -0.41683626
  -0.53567014
  -0.39550207
  -0.82341780
  -1.23939486
  -0.87433675
  -0.43762727
  -0.14011264
  -0.27593351
  -0.00082977
  -0.24876341
  -0.04311351
  -0.38461897
  -0.35544694
   0.00000000
  -0.03290367
  -0.24348444
  -0.31369203
  -0.33292975
  -0.27879481
  -0.40709750
  -0.42811469
  -0.37740630
  -0.29175039
  -0.20923690
  -0.20401588
  -0.19887908
  -0.16752600
  -0.40660671
  -0.57166296
  -0.40657013
  -0.07371341
  -0.06016305
  -0.36960755
  -0.44400792
  -0.41477781
  -0.58251499
  -0.33656886
  -0.19409012
  -0.15819429
  -0.01099518
   0.00000000
   0.00000000
   0.00000000
   0.00000000
   0.00000000
   0.00000000
   0.00000000
   0.00000000
   0.00000000
   0.00000000
   0.00000000
   0.00000000
   0.00000000
   0.00000000
   0.00000000
   0.00000000
   0.00000000
   0.00000000
   0.00000000
   0.00000000
   0.00000000
   0.00000000
   0.00000000
   0.00000000
   0.00000000
   0.00000000
   0.00000000
   0.00000000
   0.00000000
   0.00000000
   0.00000000
   0.00000000
   0.00000000
   0.00000000
   0.00000000
   0.00000000
   0.00000000
   0.00000000
   0.00000000
   0.00000000
   0.00000000
   0.00000000
  -2.39323390
  -3.63240270
  -3.06804692
  -2.50695702
  -3.15097524
  -3.46294878
  -3.98230739
  -4.00429358
  -3.88200831
  -3.23856489
  -3.20749256
  -2.79218605
  -3.02980029
  -2.46964481
  -2.58617393
  -3.16040901
  -2.97453372
  -3.39188154
  -3.21071087
  -3.07585089
  -2.77312284
  -2.93985573
