 0.000000    0.00000    0.000            NaN
 0.000000    0.00000    0.000       0.000000
 0.000000    0.00000    0.000       0.000000
 0.000000    0.00000    0.000       0.000000
 0.000000    0.00000    0.000       0.000000
 0.000000    0.00000    0.000       0.000000
 0.000000    0.00000    0.000       0.000000
 0.000000    0.00000    0.000       0.000000
 0.000000    0.00000    0.000       0.000000
 0.000000    0.00000    0.000       0.000000
 0.000000    0.00000    0.000       0.000000
 0.000000    0.00000    0.000       0.000000
 0.000000    0.00000    0.000       0.000000
 0.000000    0.00000    0.000       0.000000
 0.000000    0.00000    0.000       0.000000
 0.000000    0.00000    0.000      -0.000772
 0.000049    0.00032   -2.305      -0.003020
 0.000525    0.00698   -2.734      -0.011513
 0.000506    0.00669   -2.731      -0.009492
 0.000485    0.00573   -2.644      -0.007700
 0.000467    0.00508   -2.586      -0.006487
 0.000457    0.00465   -2.542      -0.005707
 0.000457    0.00448   -2.518      -0.005183
 0.000446    0.00431   -2.509      -0.004772
 0.000413    0.00387   -2.489      -0.004394
 0.000436    0.00396   -2.473      -0.004189
 0.000442    0.00405   -2.477      -0.004182
 0.000424    0.00407   -2.503      -0.004398
 0.000431    0.00413   -2.502      -0.004010
 0.000449    0.00422   -2.493      -0.003808
 0.000442    0.00416   -2.493      -0.003587
 0.000408    0.00374   -2.478      -0.003352
 0.000435    0.00388   -2.462      -0.003209
 0.000437    0.00395   -2.470      -0.003081
 0.000398    0.00352   -2.457      -0.002901
 0.000431    0.00373   -2.446      -0.002789
 0.000425    0.00381   -2.466      -0.002644
 0.000390    0.00326   -2.427      -0.002507
 0.000431    0.00376   -2.453      -0.002353
 0.000383    0.00331   -2.448      -0.002185
 0.000416    0.00340   -2.420      -0.002148
 0.000395    0.00322   -2.415      -0.002090
 0.000393    0.00304   -2.388      -0.001974
 0.000404    0.00330   -2.416      -0.001968
 0.000377    0.00290   -2.385      -0.001885
 0.000412    0.00331   -2.407      -0.001896
 0.000370    0.00288   -2.390      -0.001822
 0.000417    0.00332   -2.403      -0.001825
 0.000368    0.00290   -2.398      -0.001734
 0.000417    0.00329   -2.398      -0.001685
 0.000365    0.00288   -2.397      -0.001593
 0.000413    0.00324   -2.397      -0.001579
 0.000363    0.00282   -2.390      -0.001526
 0.000410    0.00314   -2.385      -0.001532
 0.000363    0.00283   -2.391      -0.001486
 0.000409    0.00308   -2.377      -0.001475
 0.000364    0.00286   -2.395      -0.001427
 0.000407    0.00307   -2.377      -0.001427
 0.000366    0.00288   -2.396      -0.001395
 0.000406    0.00306   -2.377      -0.001391
 0.000370    0.00293   -2.399      -0.001355
 0.000404    0.00305   -2.377      -0.001363
 0.000379    0.00302   -2.403      -0.001340
 0.000396    0.00298   -2.375      -0.001253
 0.000386    0.00311   -2.408      -0.001257
 0.000386    0.00287   -2.369      -0.001217
 0.000387    0.00308   -2.403      -0.001222
 0.000382    0.00281   -2.364      -0.001146
 0.000386    0.00308   -2.405      -0.001154
 0.000380    0.00277   -2.361      -0.001115
 0.000381    0.00299   -2.396      -0.001123
 0.000382    0.00276   -2.358      -0.001057
 0.000374    0.00292   -2.394      -0.001065
 0.000386    0.00280   -2.360      -0.001025
 0.000361    0.00276   -2.381      -0.000991
 0.000395    0.00289   -2.364      -0.000990
 0.000352    0.00264   -2.373      -0.000940
 0.000399    0.00298   -2.376      -0.000943
 0.000346    0.00251   -2.359      -0.000912
 0.000400    0.00296   -2.371      -0.000927
 0.000344    0.00244   -2.348      -0.000891
 0.000396    0.00291   -2.366      -0.000887
 0.000349    0.00242   -2.338      -0.000836
 0.000383    0.00297   -2.393      -0.000847
 0.000359    0.00241   -2.326      -0.000812
 0.000353    0.00259   -2.364      -0.000826
 0.000385    0.00270   -2.346      -0.000801
 0.000338    0.00241   -2.349      -0.000780
 0.000394    0.00280   -2.351      -0.000788
 0.000338    0.00233   -2.336      -0.000761
 0.000386    0.00286   -2.370      -0.000778
 0.000349    0.00232   -2.321      -0.000749
 0.000359    0.00264   -2.365      -0.000762
 0.000375    0.00254   -2.329      -0.000729
 0.000338    0.00241   -2.350      -0.000719
 0.000392    0.00277   -2.349      -0.000719
 0.000336    0.00231   -2.335      -0.000691
 0.000386    0.00285   -2.368      -0.000703
 0.000346    0.00228   -2.317      -0.000660
 0.000355    0.00260   -2.364      -0.000664
 0.000372    0.00250   -2.328      -0.000638
 0.000330    0.00228   -2.336      -0.000632
 0.000387    0.00279   -2.360      -0.000646
 0.000334    0.00218   -2.314      -0.000619
 0.000365    0.00264   -2.358      -0.000633
 0.000356    0.00229   -2.307      -0.000603
 0.000329    0.00227   -2.336      -0.000599
 0.000385    0.00266   -2.340      -0.000609
 0.000330    0.00216   -2.315      -0.000586
 0.000367    0.00266   -2.360      -0.000600
 0.000352    0.00224   -2.303      -0.000571
 0.000328    0.00226   -2.335      -0.000566
 0.000384    0.00263   -2.336      -0.000569
 0.000328    0.00214   -2.313      -0.000541
 0.000366    0.00266   -2.362      -0.000551
 0.000350    0.00221   -2.303      -0.000527
 0.000324    0.00220   -2.331      -0.000524
 0.000381    0.00269   -2.354      -0.000534
 0.000328    0.00210   -2.309      -0.000504
 0.000350    0.00259   -2.380      -0.000514
 0.000361    0.00244   -2.347      -0.000494
 0.000320    0.00217   -2.337      -0.000486
 0.000375    0.00267   -2.366      -0.000498
 0.000333    0.00208   -2.302      -0.000474
 0.000321    0.00216   -2.329      -0.000473
 0.000375    0.00249   -2.326      -0.000481
 0.000320    0.00199   -2.293      -0.000461
 0.000341    0.00236   -2.339      -0.000470
 0.000356    0.00223   -2.298      -0.000452
 0.000314    0.00200   -2.304      -0.000446
 0.000364    0.00254   -2.345      -0.000458
 0.000335    0.00200   -2.281      -0.000434
 0.000314    0.00205   -2.314      -0.000432
 0.000372    0.00255   -2.341      -0.000442
 0.000323    0.00197   -2.290      -0.000421
 0.000320    0.00215   -2.327      -0.000421
 0.000370    0.00244   -2.324      -0.000425
 0.000316    0.00197   -2.299      -0.000406
 0.000339    0.00237   -2.352      -0.000415
 0.000354    0.00228   -2.324      -0.000398
 0.000312    0.00203   -2.325      -0.000390
 0.000356    0.00262   -2.391      -0.000401
 0.000339    0.00218   -2.331      -0.000381
 0.000309    0.00205   -2.334      -0.000376
 0.000361    0.00253   -2.366      -0.000385
 0.000329    0.00201   -2.303      -0.000364
 0.000305    0.00200   -2.327      -0.000361
 0.000361    0.00253   -2.366      -0.000371
 0.000324    0.00197   -2.301      -0.000351
 0.000303    0.00194   -2.317      -0.000347
 0.000358    0.00247   -2.356      -0.000354
 0.000322    0.00202   -2.322      -0.000335
 0.000302    0.00207   -2.362      -0.000331
 0.000357    0.00260   -2.398      -0.000340
 0.000324    0.00206   -2.333      -0.000321
 0.000300    0.00197   -2.341      -0.000315
 0.000347    0.00244   -2.377      -0.000324
 0.000326    0.00203   -2.324      -0.000307
 0.000297    0.00188   -2.324      -0.000301
 0.000324    0.00222   -2.357      -0.000309
 0.000337    0.00209   -2.317      -0.000294
 0.000297    0.00184   -2.315      -0.000287
 0.000296    0.00202   -2.358      -0.000286
 0.000353    0.00237   -2.358      -0.000292
 0.000302    0.00184   -2.312      -0.000275
 0.000288    0.00185   -2.330      -0.000273
 0.000339    0.00229   -2.354      -0.000281
 0.000312    0.00183   -2.294      -0.000265
 0.000286    0.00171   -2.296      -0.000260
 0.000292    0.00191   -2.335      -0.000260
 0.000345    0.00218   -2.328      -0.000264
 0.000293    0.00173   -2.299      -0.000249
 0.000280    0.00177   -2.325      -0.000247
 0.000327    0.00222   -2.360      -0.000254
 0.000312    0.00188   -2.312      -0.000240
 0.000283    0.00172   -2.313      -0.000235
 0.000279    0.00182   -2.340      -0.000233
 0.000337    0.00221   -2.347      -0.000239
 0.000296    0.00174   -2.303      -0.000225
 0.000276    0.00168   -2.313      -0.000221
 0.000278    0.00182   -2.343      -0.000220
 0.000335    0.00216   -2.341      -0.000225
 0.000287    0.00169   -2.303      -0.000211
 0.000270    0.00165   -2.314      -0.000207
 0.000274    0.00180   -2.348      -0.000207
 0.000332    0.00212   -2.339      -0.000211
 0.000282    0.00165   -2.303      -0.000198
 0.000266    0.00160   -2.312      -0.000195
 0.000267    0.00171   -2.336      -0.000193
 0.000325    0.00205   -2.331      -0.000199
 0.000281    0.00159   -2.287      -0.000185
 0.000262    0.00152   -2.294      -0.000182
 0.000258    0.00160   -2.320      -0.000181
 0.000307    0.00199   -2.340      -0.000187
 0.000289    0.00166   -2.295      -0.000175
 0.000262    0.00148   -2.288      -0.000171
 0.000253    0.00149   -2.299      -0.000169
 0.000258    0.00162   -2.325      -0.000168
 0.000317    0.00193   -2.316      -0.000172
 0.000267    0.00151   -2.289      -0.000161
 0.000251    0.00146   -2.301      -0.000158
 0.000247    0.00153   -2.324      -0.000156
 0.000281    0.00183   -2.347      -0.000161
 0.000292    0.00176   -2.318      -0.000151
 0.000257    0.00150   -2.304      -0.000146
 0.000243    0.00149   -2.322      -0.000143
 0.000241    0.00159   -2.356      -0.000142
 0.000277    0.00189   -2.374      -0.000146
 0.000286    0.00181   -2.345      -0.000136
 0.000251    0.00157   -2.339      -0.000131
 0.000237    0.00150   -2.343      -0.000128
 0.000232    0.00151   -2.353      -0.000126
 0.000234    0.00159   -2.371      -0.000124
 0.000298    0.00187   -2.336      -0.000127
 0.000252    0.00154   -2.326      -0.000116
 0.000230    0.00141   -2.326      -0.000113
 0.000221    0.00138   -2.332      -0.000110
 0.000219    0.00140   -2.341      -0.000108
 0.000221    0.00144   -2.349      -0.000106
 0.000286    0.00172   -2.315      -0.000110
 0.000241    0.00142   -2.308      -0.000100
 0.000218    0.00129   -2.310      -0.000097
 0.000207    0.00125   -2.315      -0.000094
 0.000204    0.00126   -2.323      -0.000092
 0.000205    0.00130   -2.336      -0.000090
 0.000224    0.00143   -2.338      -0.000223
 0.000264    0.00157   -2.307      -0.000086
 0.000221    0.00130   -2.303      -0.000083
 0.000201    0.00117   -2.299      -0.000080
 0.000190    0.00111   -2.299      -0.000077
 0.000186    0.00111   -2.305      -0.000075
 0.000186    0.00113   -2.313      -0.000073
 0.000187    0.00116   -2.320      -0.000072
 0.000217    0.00130   -2.307      -0.000782
 0.000242    0.00136   -2.282      -0.000068
 0.000202    0.00114   -2.283      -0.000065
 0.000181    0.00102   -2.281      -0.000063
 0.000170    0.00095   -2.278      -0.000061
 0.000164    0.00091   -2.275      -0.000059
 0.000162    0.00090   -2.273      -0.000057
 0.000162    0.00090   -2.272      -0.000056
 0.000163    0.00090   -2.270      -0.000054
 0.000164    0.00090   -2.267      -0.000053
 0.000221    0.00112   -2.239      -0.003069
 0.000201    0.00100   -2.235      -0.005583
 0.000158    0.00080   -2.240      -0.002553
 0.000146    0.00073   -2.237      -0.005648
 0.000142    0.00070   -2.230      -0.000827
 0.000136    0.00066   -2.225      -0.000043
 0.000133    0.00064   -2.219      -0.000042
 0.000133    0.00063   -2.214      -0.000040
 0.000133    0.00062   -2.210      -0.000039
 0.000134    0.00062   -2.206      -0.000038
 0.000135    0.00062   -2.201      -0.000037
 0.000136    0.00061   -2.197      -0.000036
 0.000143    0.00063   -2.191      -0.000035
 0.000219    0.00090   -2.172      -0.005287
 0.000153    0.00065   -2.181      -0.000056
 0.000124    0.00053   -2.182      -0.000032
 0.000113    0.00047   -2.175      -0.000516
 0.000118    0.00046   -2.160      -0.005105
 0.000117    0.00043   -2.146      -0.001165
 0.000110    0.00039   -2.137      -0.000028
 0.000106    0.00037   -2.129      -0.000027
 0.000104    0.00035   -2.121      -0.000026
 0.000103    0.00031   -2.103      -0.000025
 0.000102    0.00028   -2.081      -0.000024
 0.000103    0.00028   -2.079      -0.000024
 0.000104    0.00028   -2.080      -0.000024
 0.000104    0.00028   -2.081      -0.000023
 0.000104    0.00028   -2.082      -0.000023
 0.000104    0.00029   -2.083      -0.000022
 0.000103    0.00029   -2.084      -0.000022
 0.000171    0.00047   -2.083      -0.002858
 0.000167    0.00043   -2.073      -0.000569
 0.000120    0.00029   -2.063      -0.000022
 0.000102    0.00024   -2.058      -0.000020
 0.000092    0.00021   -2.057      -0.000019
 0.000086    0.00020   -2.057      -0.000019
 0.000081    0.00019   -2.058      -0.000288
 0.000086    0.00020   -2.059      -0.004851
 0.000089    0.00021   -2.057      -0.004748
 0.000081    0.00019   -2.056      -0.000037
 0.000075    0.00017   -2.055      -0.000016
 0.000072    0.00016   -2.056      -0.000015
 0.000070    0.00016   -2.056      -0.000014
 0.000068    0.00016   -2.056      -0.000014
 0.000067    0.00016   -2.056      -0.000013
 0.000039    0.00009   -2.057      -0.000016
 0.000001    0.00000   -2.073      -0.000015
 0.000033    0.00009   -2.085      -0.000011
 0.000288    0.00079   -2.083      -0.000014
 0.000411    0.00085   -2.042      -0.000019
 0.000343    0.00036   -1.981      -0.000358
 0.000433   -0.00012   -1.903      -0.001169
 0.000374   -0.00057   -1.829      -0.000049
 0.000316   -0.00079   -1.770      -0.000016
 0.000275   -0.00093   -1.720      -0.000015
 0.000245   -0.00100   -1.677      -0.000014
 0.000160   -0.00075   -1.641      -0.000013
 0.000414   -0.00199   -1.635      -0.000013
 0.000186   -0.00100   -1.602      -0.000011
 0.000120   -0.00081   -1.523      -0.000010
 0.000114   -0.00085   -1.479      -0.000009
 0.000112   -0.00088   -1.455      -0.000009
 0.000104   -0.00085   -1.441      -0.000008
 0.000102   -0.00083   -1.436      -0.000008
 0.000100   -0.00082   -1.436      -0.000008
 0.000089   -0.00074   -1.434      -0.000007
 0.000088   -0.00072   -1.442      -0.000007
 0.000087   -0.00068   -1.459      -0.000006
 0.000027   -0.00025   -1.378      -0.000006
 0.000030   -0.00030   -1.323      -0.000006
 0.000043   -0.00042   -1.337      -0.000336
 0.000040   -0.00039   -1.340      -0.000568
 0.000034   -0.00033   -1.340      -0.000930
 0.000027   -0.00026   -1.347      -0.000947
 0.000021   -0.00020   -1.355      -0.001027
 0.000013   -0.00013   -1.363      -0.001305
 0.000007   -0.00007   -1.373      -0.001454
 0.000002   -0.00002   -1.381      -0.001408
 0.000000   -0.00000   -1.386      -0.001630
 0.000000    0.00000    0.000      -0.001696
 0.000000    0.00000    0.000      -0.001536
 0.000000    0.00000    0.000      -0.001805
 0.000000    0.00000    0.000      -0.001659
 0.000000    0.00000    0.000      -0.001633
 0.000000    0.00000    0.000      -0.001919
 0.000000    0.00000    0.000      -0.001543
 0.000000    0.00000    0.000      -0.001880
 0.000000    0.00000    0.000      -0.001527
 0.000000    0.00000    0.000      -0.001722
 0.000000    0.00000    0.000      -0.001488
 0.000000    0.00000    0.000      -0.001548
 0.000000    0.00000    0.000      -0.001330
 0.000000    0.00000    0.000      -0.001339
 0.000000    0.00000    0.000      -0.001091
 0.000000    0.00000    0.000      -0.001151
 0.000000    0.00000    0.000      -0.000811
 0.000000    0.00000    0.000      -0.000964
 0.000000    0.00000    0.000      -0.000564
 0.000000    0.00000    0.000      -0.000651
 0.000000    0.00000    0.000      -0.000533
 0.000000    0.00000    0.000      -0.000334
 0.000000    0.00000    0.000      -0.000401
 0.000000    0.00000    0.000      -0.000253
 0.000000    0.00000    0.000      -0.000130
 0.000000    0.00000    0.000      -0.000178
 0.000000    0.00000    0.000      -0.000116
 0.000000    0.00000    0.000      -0.000000
 0.000000    0.00000    0.000       0.000000
 0.000000    0.00000    0.000       0.000000
 0.000000    0.00000    0.000       0.000000
 0.000000    0.00000    0.000       0.000000
 0.000000    0.00000    0.000      -0.000000
 0.000000    0.00000    0.000      -0.000000
 0.000000    0.00000    0.000       0.000000
 0.000000    0.00000    0.000      -0.000000
 0.000000    0.00000    0.000       0.000000
 0.000000    0.00000    0.000      -0.000000
 0.000000    0.00000    0.000      -0.000000
 0.000000    0.00000    0.000      -0.000000
 0.000000    0.00000    0.000      -0.000000
 0.000000    0.00000    0.000       0.000000
 0.000000    0.00000    0.000       0.000000
 0.000000    0.00000    0.000       0.000000
 0.000000    0.00000    0.000       0.000000
 0.000000    0.00000    0.000       0.000000
 0.000000    0.00000    0.000      -0.000000
 0.000000    0.00000    0.000       0.000000
 0.000000    0.00000    0.000      -0.000000
 0.000000    0.00000    0.000      -0.000000
 0.000000    0.00000    0.000       0.000000
 0.000000    0.00000    0.000       0.000000
 0.000000    0.00000    0.000       0.000000
 0.000000    0.00000    0.000       0.000000
 0.000000    0.00000    0.000       0.000000
 0.000000    0.00000    0.000      -0.000000
 0.000000    0.00000    0.000       0.000000
 0.000000    0.00000    0.000      -0.000000
 0.000000    0.00000    0.000      -0.000000
 0.000000    0.00000    0.000      -0.000000
 0.000000    0.00000    0.000      -0.000000
 0.000000    0.00000    0.000       0.000000
 0.000000    0.00000    0.000      -0.000000
 0.000000    0.00000    0.000      -0.000001
 0.000000    0.00000    0.000      -0.000023
 0.000000    0.00000    0.000      -0.000023
 0.000008   -0.00013   -0.968      -0.000027
 0.000000    0.00000    0.000      -0.000024
 0.000000    0.00000    0.000      -0.000022
 0.000000    0.00000    0.000      -0.000021
 0.000000    0.00000    0.000      -0.000022
 0.000000    0.00000    0.000      -0.000023
 0.000000    0.00000    0.000      -0.000024
 0.000000    0.00000    0.000      -0.000025
 0.000000    0.00000    0.000      -0.000026
 0.000000    0.00000    0.000      -0.000026
 0.000000    0.00000    0.000      -0.000027
