 0.000000    0.00000    0.000            NaN
 0.000000    0.00000    0.000       0.000000
 0.000125    0.00406   -4.032      -0.118167
 0.000452    0.00613   -2.778      -0.052648
 0.000013    0.00003   -2.068      -0.000239
 0.000000    0.00000    0.000       0.000000
 0.000021    0.00047   -3.354      -0.000540
 0.000343    0.00427   -2.685      -0.011740
 0.000457    0.00570   -2.687      -0.022162
 0.000311    0.00202   -2.311      -0.002480
 0.000059    0.00014   -2.063      -0.000183
 0.000001    0.00000   -2.014      -0.000001
 0.000000    0.00000    0.000       0.000000
 0.000059    0.00064   -2.577      -0.000001
 0.000268    0.00242   -2.470      -0.005291
 0.000406    0.00369   -2.473      -0.006251
 0.000426    0.00371   -2.449      -0.005210
 0.000361    0.00275   -2.381      -0.003396
 0.000323    0.00159   -2.216      -0.001476
 0.000189    0.00051   -2.081      -0.000332
 0.000075    0.00013   -2.019      -0.000054
 0.000049    0.00020   -2.162      -0.000006
 0.000204    0.00115   -2.262      -0.001203
 0.000305    0.00196   -2.309      -0.003191
 0.000355    0.00262   -2.365      -0.002556
 0.000324    0.00183   -2.261      -0.001381
 0.000208    0.00080   -2.150      -0.000550
 0.000136    0.00039   -2.091      -0.000236
 0.000132    0.00041   -2.106      -0.000303
 0.000254    0.00149   -2.277      -0.000783
 0.000343    0.00187   -2.248      -0.001855
 0.000323    0.00200   -2.293      -0.002364
 0.000328    0.00247   -2.375      -0.002144
 0.000391    0.00284   -2.358      -0.002233
 0.000336    0.00247   -2.365      -0.001868
 0.000393    0.00279   -2.349      -0.002047
 0.000344    0.00246   -2.353      -0.002448
 0.000416    0.00328   -2.398      -0.002151
 0.000326    0.00212   -2.312      -0.001117
 0.000306    0.00222   -2.364      -0.000851
 0.000368    0.00226   -2.291      -0.002506
 0.000372    0.00311   -2.426      -0.002064
 0.000417    0.00338   -2.411      -0.002239
 0.000414    0.00383   -2.482      -0.003065
 0.000441    0.00456   -2.551      -0.003241
 0.000480    0.00558   -2.632      -0.004150
 0.000487    0.00589   -2.662      -0.003111
 0.000459    0.00482   -2.562      -0.002680
 0.000461    0.00473   -2.546      -0.002467
 0.000448    0.00470   -2.569      -0.001692
 0.000363    0.00307   -2.440      -0.001316
 0.000406    0.00330   -2.420      -0.001141
 0.000323    0.00228   -2.354      -0.000993
 0.000353    0.00229   -2.310      -0.001329
 0.000385    0.00267   -2.339      -0.001433
 0.000355    0.00275   -2.389      -0.001393
 0.000404    0.00303   -2.374      -0.001523
 0.000385    0.00323   -2.429      -0.001957
 0.000417    0.00363   -2.448      -0.001691
 0.000431    0.00374   -2.447      -0.001489
 0.000376    0.00310   -2.419      -0.001544
 0.000438    0.00375   -2.440      -0.002024
 0.000442    0.00427   -2.508      -0.002103
 0.000438    0.00451   -2.547      -0.002238
 0.000453    0.00475   -2.560      -0.001999
 0.000452    0.00450   -2.528      -0.001690
 0.000449    0.00421   -2.490      -0.001674
 0.000436    0.00417   -2.501      -0.001856
 0.000429    0.00420   -2.516      -0.001782
 0.000447    0.00432   -2.508      -0.001659
 0.000454    0.00437   -2.506      -0.001784
 0.000447    0.00443   -2.524      -0.001859
 0.000434    0.00438   -2.535      -0.001690
 0.000442    0.00433   -2.518      -0.001398
 0.000443    0.00481   -2.605      -0.001144
 0.000377    0.00323   -2.451      -0.000989
 0.000419    0.00414   -2.548      -0.000851
 0.000345    0.00381   -2.627      -0.000666
 0.000378    0.00602   -2.985      -0.000533
 0.000312    0.00233   -2.401      -0.000405
 0.000278    0.00171   -2.311      -0.000366
 0.000275    0.00231   -2.465      -0.000355
 0.000275    0.00118   -2.180      -0.005309
 0.000281    0.00111   -2.156      -0.017746
 0.000259    0.00111   -2.177      -0.000448
 0.000257    0.00129   -2.220      -0.000550
 0.000270    0.00159   -2.273      -0.000642
 0.000341    0.00220   -2.308      -0.000944
 0.000344    0.00237   -2.335      -0.000988
 0.000351    0.00281   -2.404      -0.000973
 0.000394    0.00302   -2.383      -0.000865
 0.000386    0.00308   -2.403      -0.000947
 0.000391    0.00297   -2.380      -0.000903
 0.000399    0.00320   -2.406      -0.000830
 0.000373    0.00277   -2.368      -0.000778
 0.000390    0.00305   -2.395      -0.000701
 0.000355    0.00244   -2.336      -0.000586
 0.000327    0.00230   -2.346      -0.000540
 0.000374    0.00241   -2.310      -0.000587
 0.000323    0.00202   -2.297      -0.000614
 0.000356    0.00244   -2.334      -0.000663
 0.000362    0.00237   -2.315      -0.000630
 0.000329    0.00231   -2.344      -0.000611
 0.000386    0.00262   -2.330      -0.000653
 0.000333    0.00226   -2.329      -0.000640
 0.000380    0.00271   -2.352      -0.000616
 0.000347    0.00226   -2.314      -0.000565
 0.000336    0.00245   -2.361      -0.000563
 0.000378    0.00258   -2.334      -0.000536
 0.000318    0.00214   -2.327      -0.000473
 0.000357    0.00260   -2.365      -0.000452
 0.000327    0.00201   -2.294      -0.000408
 0.000294    0.00178   -2.288      -0.000401
 0.000328    0.00205   -2.299      -0.000414
 0.000330    0.00184   -2.257      -0.000411
 0.000292    0.00164   -2.258      -0.000406
 0.000297    0.00181   -2.287      -0.000418
 0.000352    0.00204   -2.270      -0.000411
 0.000298    0.00167   -2.256      -0.000392
 0.000291    0.00179   -2.289      -0.000410
 0.000352    0.00216   -2.291      -0.000452
 0.000310    0.00174   -2.257      -0.000442
 0.000298    0.00186   -2.294      -0.000432
 0.000358    0.00228   -2.305      -0.000461
 0.000319    0.00186   -2.269      -0.000450
 0.000305    0.00195   -2.305      -0.000452
 0.000366    0.00238   -2.313      -0.000475
 0.000322    0.00193   -2.280      -0.000481
 0.000317    0.00212   -2.322      -0.000480
 0.000374    0.00243   -2.312      -0.000498
 0.000322    0.00205   -2.304      -0.000471
 0.000352    0.00245   -2.340      -0.000465
 0.000354    0.00222   -2.299      -0.000430
 0.000317    0.00210   -2.321      -0.000409
 0.000371    0.00261   -2.348      -0.000412
 0.000323    0.00192   -2.278      -0.000383
 0.000311    0.00204   -2.317      -0.000376
 0.000365    0.00244   -2.328      -0.000377
 0.000311    0.00178   -2.266      -0.000350
 0.000302    0.00193   -2.307      -0.000348
 0.000357    0.00232   -2.316      -0.000356
 0.000307    0.00170   -2.252      -0.000335
 0.000294    0.00177   -2.283      -0.000353
 0.000353    0.00220   -2.297      -0.000387
 0.000315    0.00177   -2.257      -0.000375
 0.000298    0.00185   -2.292      -0.000364
 0.000355    0.00228   -2.308      -0.000365
 0.000320    0.00184   -2.265      -0.000345
 0.000300    0.00187   -2.295      -0.000340
 0.000355    0.00234   -2.320      -0.000344
 0.000317    0.00177   -2.256      -0.000317
 0.000296    0.00180   -2.287      -0.000329
 0.000348    0.00235   -2.332      -0.000334
 0.000318    0.00173   -2.247      -0.000303
 0.000292    0.00174   -2.279      -0.000294
 0.000332    0.00247   -2.381      -0.000310
 0.000324    0.00176   -2.248      -0.000332
 0.000293    0.00163   -2.255      -0.000311
 0.000298    0.00183   -2.289      -0.000301
 0.000350    0.00203   -2.269      -0.000300
 0.000297    0.00164   -2.251      -0.000281
 0.000289    0.00177   -2.288      -0.000274
 0.000345    0.00232   -2.332      -0.000282
 0.000301    0.00161   -2.243      -0.000263
 0.000282    0.00159   -2.258      -0.000266
 0.000320    0.00203   -2.305      -0.000299
 0.000322    0.00172   -2.242      -0.000294
 0.000288    0.00157   -2.246      -0.000282
 0.000288    0.00173   -2.281      -0.000272
 0.000346    0.00206   -2.280      -0.000283
 0.000299    0.00160   -2.241      -0.000272
 0.000284    0.00166   -2.271      -0.000265
 0.000333    0.00213   -2.309      -0.000268
 0.000313    0.00166   -2.239      -0.000246
 0.000286    0.00189   -2.330      -0.000232
 0.000289    0.00268   -2.517      -0.000219
 0.000339    0.00260   -2.413      -0.000209
 0.000282    0.00171   -2.301      -0.000189
 0.000263    0.00150   -2.274      -0.000184
 0.000262    0.00146   -2.262      -0.000184
 0.000318    0.00159   -2.225      -0.000208
 0.000274    0.00124   -2.191      -0.000188
 0.000252    0.00120   -2.204      -0.000193
 0.000250    0.00128   -2.226      -0.000202
 0.000282    0.00152   -2.245      -0.000219
 0.000304    0.00150   -2.216      -0.000218
 0.000265    0.00129   -2.211      -0.000222
 0.000258    0.00136   -2.237      -0.000230
 0.000270    0.00157   -2.270      -0.000238
 0.000328    0.00177   -2.245      -0.000236
 0.000279    0.00140   -2.221      -0.000222
 0.000269    0.00147   -2.249      -0.000229
 0.000297    0.00180   -2.286      -0.000262
 0.000325    0.00177   -2.248      -0.000253
 0.000283    0.00148   -2.233      -0.000241
 0.000278    0.00161   -2.268      -0.000235
 0.000332    0.00202   -2.288      -0.000238
 0.000306    0.00160   -2.235      -0.000224
 0.000282    0.00156   -2.253      -0.000220
 0.000291    0.00180   -2.292      -0.000218
 0.000341    0.00195   -2.265      -0.000222
 0.000288    0.00151   -2.235      -0.000219
 0.000279    0.00162   -2.268      -0.000217
 0.000331    0.00207   -2.300      -0.000220
 0.000304    0.00156   -2.228      -0.000205
 0.000279    0.00150   -2.243      -0.000200
 0.000283    0.00172   -2.286      -0.000198
 0.000336    0.00199   -2.279      -0.000203
 0.000286    0.00144   -2.221      -0.000190
 0.000271    0.00146   -2.243      -0.000188
 0.000298    0.00186   -2.299      -0.000196
 0.000318    0.00171   -2.245      -0.000185
 0.000276    0.00138   -2.218      -0.000179
 0.000266    0.00143   -2.243      -0.000177
 0.000304    0.00191   -2.303      -0.000187
 0.000305    0.00155   -2.227      -0.000177
 0.000271    0.00133   -2.214      -0.000172
 0.000263    0.00139   -2.238      -0.000170
 0.000297    0.00184   -2.295      -0.000178
 0.000304    0.00155   -2.227      -0.000168
 0.000268    0.00129   -2.208      -0.000162
 0.000259    0.00134   -2.230      -0.000159
 0.000278    0.00172   -2.295      -0.000165
 0.000312    0.00170   -2.252      -0.000158
 0.000267    0.00124   -2.198      -0.000152
 0.000254    0.00125   -2.215      -0.000149
 0.000257    0.00146   -2.263      -0.000149
 0.000313    0.00186   -2.285      -0.000157
 0.000271    0.00123   -2.191      -0.000146
 0.000252    0.00118   -2.200      -0.000143
 0.000248    0.00126   -2.223      -0.000139
 0.000281    0.00181   -2.315      -0.000144
 0.000294    0.00206   -2.368      -0.000132
 0.000259    0.00196   -2.410      -0.000123
 0.000251    0.00284   -2.684      -0.000119
 0.000258    0.00492   -3.280      -0.000124
 0.000306    0.00396   -2.845      -0.000103
 0.000263    0.00171   -2.367      -0.000088
 0.000240    0.00084   -2.137      -0.000081
 0.000220    0.00072   -2.115      -0.000081
 0.000208    0.00071   -2.125      -0.000082
 0.000203    0.00073   -2.135      -0.000084
 0.000203    0.00077   -2.145      -0.000086
 0.000215    0.00084   -2.154      -0.000169
 0.000256    0.00094   -2.139      -0.006210
 0.000211    0.00077   -2.139      -0.006139
 0.000197    0.00074   -2.143      -0.000088
 0.000188    0.00073   -2.151      -0.000081
 0.000187    0.00075   -2.160      -0.000081
 0.000191    0.00080   -2.169      -0.000081
 0.000196    0.00084   -2.177      -0.000080
 0.000251    0.00103   -2.167      -0.003135
 0.000232    0.00103   -2.194      -0.000413
 0.000201    0.00131   -2.346      -0.000076
 0.000188    0.00119   -2.333      -0.000073
 0.000185    0.00107   -2.290      -0.000070
 0.000185    0.00079   -2.183      -0.000067
 0.000189    0.00074   -2.153      -0.000066
 0.000219    0.00086   -2.154      -0.001615
 0.000233    0.00096   -2.172      -0.006387
 0.000196    0.00125   -2.326      -0.002427
 0.000178    0.00143   -2.434      -0.000058
 0.000170    0.00153   -2.501      -0.000055
 0.000166    0.00166   -2.568      -0.000052
 0.000162    0.00179   -2.635      -0.000049
 0.000165    0.00248   -2.894      -0.000048
 0.000186    0.00378   -3.246      -0.000052
 0.000205    0.00278   -2.800      -0.000040
 0.000151    0.00081   -2.261      -0.000033
 0.000141    0.00027   -2.034      -0.001166
 0.000085    0.00017   -2.039      -0.000050
 0.000033    0.00009   -2.087      -0.000033
 0.000690    0.00100   -2.005      -0.000039
 0.000346   -0.00023   -1.879      -0.000046
 0.000221   -0.00034   -1.827      -0.000041
 0.000248   -0.00051   -1.797      -0.000037
 0.000182   -0.00048   -1.763      -0.000036
 0.000133   -0.00040   -1.740      -0.000034
 0.000069   -0.00023   -1.721      -0.000031
 0.000006   -0.00002   -1.719      -0.000028
 0.000000    0.00000    0.000      -0.000022
 0.000000    0.00000    0.000      -0.000019
 0.000050   -0.00011   -1.790      -0.000022
 0.000236   -0.00061   -1.765      -0.000019
 0.000177   -0.00057   -1.728      -0.000024
 0.000097   -0.00035   -1.705      -0.000024
 0.000017   -0.00007   -1.666      -0.000017
 0.000000   -0.00000   -1.668      -0.000015
 0.000000    0.00000    0.000      -0.000013
 0.000000    0.00000   -2.312      -0.000012
 0.000046   -0.00018   -1.689      -0.000013
 0.000445   -0.00190   -1.665      -0.000013
 0.000162   -0.00085   -1.609      -0.000017
 0.000049   -0.00030   -1.558      -0.000034
 0.000091   -0.00056   -1.555      -0.000014
 0.000115   -0.00073   -1.544      -0.000011
 0.000083   -0.00055   -1.530      -0.000017
 0.000164   -0.00108   -1.533      -0.000012
 0.000247   -0.00156   -1.547      -0.000009
 0.000168   -0.00095   -1.588      -0.000008
 0.000116   -0.00052   -1.657      -0.000007
 0.000101   -0.00033   -1.730      -0.000006
 0.000025    0.00003   -1.989      -0.000011
 0.000003    0.00000   -1.956      -0.000005
 0.000022   -0.00008   -1.705      -0.000006
 0.000040   -0.00018   -1.658      -0.000004
 0.000039   -0.00026   -1.528      -0.000008
 0.000121   -0.00086   -1.498      -0.000003
 0.000028   -0.00017   -1.573      -0.000004
 0.000041   -0.00037   -1.387      -0.000004
 0.000086   -0.00091   -1.299      -0.000005
 0.000101   -0.00108   -1.289      -0.000006
 0.000113   -0.00114   -1.330      -0.000007
 0.000095   -0.00089   -1.368      -0.000008
 0.000102   -0.00090   -1.401      -0.000007
 0.000114   -0.00095   -1.426      -0.000007
 0.000098   -0.00080   -1.439      -0.000007
 0.000082   -0.00068   -1.428      -0.000006
 0.000057   -0.00049   -1.413      -0.000006
 0.000015   -0.00014   -1.376      -0.000008
 0.000012   -0.00012   -1.337      -0.000005
 0.000068   -0.00066   -1.347      -0.000042
 0.000119   -0.00117   -1.343      -0.000111
 0.000172   -0.00175   -1.325      -0.000073
 0.000127   -0.00133   -1.304      -0.000001
 0.000127   -0.00137   -1.285      -0.000001
 0.000031   -0.00035   -1.261      -0.000001
 0.000126   -0.00145   -1.245      -0.000000
 0.000153   -0.00181   -1.228      -0.000000
 0.000140   -0.00170   -1.207      -0.000000
 0.000199   -0.00248   -1.190      -0.000000
 0.000214   -0.00276   -1.166       0.000000
 0.000227   -0.00305   -1.137       0.000000
 0.000229   -0.00316   -1.114      -0.000000
 0.000156   -0.00219   -1.102       0.000000
 0.000139   -0.00201   -1.076      -0.000000
 0.000119   -0.00178   -1.049      -0.000000
 0.000151   -0.00232   -1.026      -0.000001
 0.000134   -0.00211   -1.005      -0.000001
 0.000062   -0.00099   -0.988      -0.000001
 0.000031   -0.00051   -0.973      -0.000001
 0.000013   -0.00021   -0.953      -0.000002
 0.000086   -0.00146   -0.940      -0.000082
 0.000147   -0.00253   -0.920      -0.000000
 0.000172   -0.00302   -0.901      -0.000000
 0.000056   -0.00100   -0.889      -0.000000
 0.000084   -0.00151   -0.872       0.000000
 0.000114   -0.00209   -0.856       0.000000
 0.000099   -0.00184   -0.840       0.000000
 0.000058   -0.00110   -0.825      -0.000000
 0.000000    0.00000    0.000      -0.000000
 0.000000    0.00000    0.000      -0.000000
 0.000000    0.00000    0.000       0.000000
 0.000008   -0.00016   -0.783      -0.000001
 0.000000    0.00000    0.000       0.000000
 0.000000   -0.00001   -0.766      -0.000001
 0.000000    0.00000    0.000      -0.000001
 0.000011   -0.00022   -0.720      -0.000002
 0.000000    0.00000    0.000       0.000000
 0.000000    0.00000    0.000      -0.000000
 0.000000    0.00000    0.000       0.000000
 0.000000    0.00000    0.000       0.000000
 0.000000    0.00000    0.000       0.000000
 0.000000    0.00000    0.000       0.000000
 0.000000    0.00000    0.000       0.000000
 0.000000    0.00000    0.000      -0.000000
 0.000000    0.00000    0.000      -0.000000
 0.000000    0.00000    0.000      -0.000000
 0.000000    0.00000    0.000       0.000000
 0.000000    0.00000    0.000      -0.000000
 0.000000    0.00000    0.000       0.000000
 0.000000    0.00000    0.000      -0.000000
 0.000000    0.00000    0.000      -0.000000
 0.000000    0.00000    0.000       0.000000
 0.000000    0.00000    0.000      -0.000000
 0.000000    0.00000    0.000       0.000000
 0.000000    0.00000    0.000      -0.000000
 0.000000    0.00000    0.000      -0.000031
 0.000000    0.00000    0.000      -0.000059
 0.000000    0.00000    0.000      -0.000039
 0.000000    0.00000    0.000      -0.000034
 0.000000    0.00000    0.000      -0.000055
 0.000000    0.00000    0.000      -0.000079
 0.000000    0.00000    0.000      -0.000090
 0.000000    0.00000    0.000      -0.000093
 0.000000    0.00000    0.000      -0.000131
 0.000000    0.00000    0.000      -0.000152
 0.000098    0.00052   -2.236      -0.000176
 0.000350    0.00213   -2.285      -0.000148
 0.000425    0.00244   -2.265      -0.000140
 0.000339    0.00202   -2.277      -0.000123
 0.000373    0.00223   -2.279      -0.000143
 0.000346    0.00218   -2.299      -0.000179
 0.000337    0.00251   -2.369      -0.000199
 0.000397    0.00292   -2.364      -0.000209
 0.000360    0.00285   -2.400      -0.000195
 0.000403    0.00298   -2.367      -0.000179
 0.000348    0.00258   -2.368      -0.000160
 0.000391    0.00265   -2.330      -0.000150
