   0.00000000
   0.00000000
   0.76643998
   2.76319195
   0.08253635
   0.00000000
   0.12616834
   2.09879372
   2.79748816
   1.90603958
   0.36123939
   0.00443693
   0.00000000
   0.36158334
   1.64032169
   2.48670527
   2.60891995
   2.21013570
   1.97725037
   1.15562297
   0.46202387
   0.29939780
   1.24848197
   1.86410527
   2.17315828
   1.98152417
   1.27027076
   0.83110307
   0.80941227
   1.55667903
   2.09822921
   1.97844824
   2.00741677
   2.39381155
   2.05782534
   2.40715891
   2.10382596
   2.54538010
   1.99250305
   1.87340595
   2.25049594
   2.27677621
   2.55158968
   2.53076400
   2.69650891
   2.93767417
   2.97840688
   2.81053014
   2.82105133
   2.74419770
   2.22189852
   2.48716912
   1.97428042
   2.16296412
   2.35613956
   2.17020217
   2.47292184
   2.35682012
   2.55444176
   2.63811781
   2.30350191
   2.68067848
   2.70286778
   2.68224122
   2.77435085
   2.76508501
   2.75092918
   2.67001417
   2.62297602
   2.73703860
   2.77962527
   2.73278646
   2.65451128
   2.70628952
   2.70931131
   2.30608452
   2.56199395
   2.11357120
   2.31586283
   1.90685545
   1.69996178
   1.68597891
   1.68501037
   1.71963981
   1.58389594
   1.57319619
   1.65485721
   2.08468539
   2.10444455
   2.15084573
   2.41225208
   2.36433117
   2.39448740
   2.44316898
   2.28478769
   2.38561440
   2.17243296
   2.00152448
   2.29097588
   1.97660359
   2.17823879
   2.21740838
   2.01308028
   2.36273052
   2.03642691
   2.32289007
   2.12263914
   2.05918972
   2.31217674
   1.94800307
   2.18500339
   2.00306741
   1.79810627
   2.00624897
   2.02080159
   1.78775299
   1.81514310
   2.15657506
   1.82475968
   1.78334395
   2.15143835
   1.89796097
   1.82552624
   2.18937454
   1.95514084
   1.86851817
   2.23851976
   1.97169554
   1.94186774
   2.29156822
   1.97276788
   2.15615583
   2.16385333
   1.93738007
   2.26845751
   1.97517993
   1.90281525
   2.23321800
   1.90052801
   1.84694933
   2.18671666
   1.87667407
   1.79786614
   2.15827027
   1.92810424
   1.82579736
   2.16975703
   1.96126153
   1.83378034
   2.17255357
   1.93789334
   1.81086805
   2.13109161
   1.94466231
   1.78939330
   2.03444000
   1.98536993
   1.79258901
   1.82612758
   2.14369537
   1.81516071
   1.76984707
   2.11126706
   1.84416685
   1.72801714
   1.95546672
   1.96947086
   1.76432338
   1.76045506
   2.11539560
   1.83008329
   1.73889847
   2.03506457
   1.91345525
   1.75035360
   1.77092765
   2.07187619
   1.72498594
   1.60957406
   1.60103878
   1.94480881
   1.67873766
   1.54333763
   1.52866721
   1.72560590
   1.86172288
   1.62192298
   1.57907728
   1.65346822
   2.00816980
   1.70875554
   1.64882254
   1.81566314
   1.99056761
   1.73390664
   1.70069373
   2.03104955
   1.87410367
   1.72651812
   1.78223020
   2.08571130
   1.76413543
   1.70873340
   2.02561041
   1.86234412
   1.70886907
   1.73423982
   2.05666165
   1.74969476
   1.66076386
   1.82278990
   1.94598118
   1.69176538
   1.62993509
   1.85853755
   1.86572927
   1.65876364
   1.60653971
   1.82009810
   1.85817040
   1.64301245
   1.58307072
   1.70342683
   1.90698016
   1.63349760
   1.55377577
   1.57539151
   1.91277697
   1.66080173
   1.54242093
   1.52018931
   1.71979158
   1.80182112
   1.58789188
   1.53861224
   1.57870747
   1.87519001
   1.60941644
   1.46578612
   1.34938524
   1.27252796
   1.24054733
   1.24295272
   1.31287313
   1.56848991
   1.29207227
   1.20674979
   1.14977390
   1.14664517
   1.17002522
   1.19935355
   1.53338311
   1.41833133
   1.23072572
   1.14972594
   1.13520894
   1.13181638
   1.15498739
   1.34295626
   1.42558138
   1.19718704
   1.09175382
   1.04105656
   1.01454594
   0.99005891
   1.01261952
   1.13750103
   1.25209612
   0.92257673
   0.86376041
   0.51912357
   0.20007214
   4.22547064
   2.11521912
   1.35169104
   1.51519325
   1.11511914
   0.81281024
   0.42394112
   0.03548526
   0.00000000
   0.00000000
   0.30679405
   1.44599487
   1.08622869
   0.59424901
   0.10244540
   0.00187192
   0.00000000
   0.00059000
   0.28314750
   2.72042638
   0.98881289
   0.30189394
   0.55671981
   0.70537842
   0.50660950
   1.00633652
   1.51084660
   1.02817619
   0.70892567
   0.61699554
   0.15379279
   0.01903405
   0.13417384
   0.24189985
   0.23658397
   0.73777146
   0.17253671
   0.25234287
   0.52405373
   0.61616753
   0.69341787
   0.58263806
   0.62370942
   0.69504474
   0.60241110
   0.50033542
   0.35060789
   0.09431745
   0.07463310
   0.41369192
   0.72915439
   1.05526918
   0.77551624
   0.77472028
   0.19118048
   0.76935480
   0.93715814
   0.85582660
   1.21800812
   1.30822188
   1.39144120
   1.39872710
   0.95700860
   0.84904044
   0.73099456
   0.92481897
   0.82180458
   0.37846875
   0.19096834
   0.07895151
   0.52807666
   0.89770474
   1.05347732
   0.34338475
   0.51207167
   0.69669297
   0.60298712
   0.35508686
   0.00000000
   0.00000000
   0.00000000
   0.05103489
   0.00000000
   0.00267192
   0.00000000
   0.06468671
   0.00000000
   0.00000000
   0.00000000
   0.00000000
   0.00000000
   0.00000000
   0.00000000
   0.00000000
   0.00000000
   0.00000000
   0.00000000
   0.00000000
   0.00000000
   0.00000000
   0.00000000
   0.00000000
   0.00000000
   0.00000000
   0.00000000
   0.00000000
   0.00000000
   0.00000000
   0.00000000
   0.00000000
   0.00000000
   0.00000000
   0.00000000
   0.00000000
   0.00000000
   0.60184584
   2.14384378
   2.59975725
   2.07438816
   2.28035832
   2.11458825
   2.06438730
   2.43193153
   2.20036490
   2.46629793
   2.12926982
   2.39094601
