   0.00000000
   0.00000000
  -1.71679609
  -4.26404785
  -0.09481321
   0.00000000
  -0.23508904
  -3.13023354
  -4.17666255
  -2.44663994
  -0.41407324
  -0.00496325
   0.00000000
  -0.51769510
  -2.25061278
  -3.41638253
  -3.54973036
  -2.92344237
  -2.43392799
  -1.33588096
  -0.51831215
  -0.35954539
  -1.56902598
  -2.39083749
  -2.85576328
  -2.48850096
  -1.51721570
  -0.96553081
  -0.94684193
  -1.96936278
  -2.62001082
  -2.52002834
  -2.64825734
  -3.13650372
  -2.70320462
  -3.14199196
  -2.74990948
  -3.39121889
  -2.55977813
  -2.46050131
  -2.86457635
  -3.06875315
  -3.41833726
  -3.48988894
  -3.82091967
  -4.29508876
  -4.40464819
  -3.99977222
  -3.99024157
  -3.91641565
  -3.01157051
  -3.34348997
  -2.58216645
  -2.77572221
  -3.06122286
  -2.88029764
  -3.26185641
  -3.18022546
  -3.47364655
  -3.58669329
  -3.09536514
  -3.63381540
  -3.76580431
  -3.79556130
  -3.94559878
  -3.88319058
  -3.80619258
  -3.71037857
  -3.66601831
  -3.81287411
  -3.86952946
  -3.83269238
  -3.73869946
  -3.78613946
  -3.92065473
  -3.14021395
  -3.62614730
  -3.08438779
  -3.84085710
  -2.54347301
  -2.18251837
  -2.30922463
  -2.04033808
  -2.06009605
  -1.91522126
  -1.93998074
  -2.08988664
  -2.67358369
  -2.73042223
  -2.87300778
  -3.19367567
  -3.15681930
  -3.16574314
  -3.26605989
  -3.00560408
  -3.17438099
  -2.81886849
  -2.60854934
  -2.93957461
  -2.52276380
  -2.82468176
  -2.85159343
  -2.62176458
  -3.05878878
  -2.63541225
  -3.03546125
  -2.72827129
  -2.70087597
  -2.99871340
  -2.51886169
  -2.87079143
  -2.55303518
  -2.28517324
  -2.56238343
  -2.53399118
  -2.24238501
  -2.30666028
  -2.71922204
  -2.28744873
  -2.26772206
  -2.73823862
  -2.37950560
  -2.32687325
  -2.80377892
  -2.46477191
  -2.39319924
  -2.87681358
  -2.49798303
  -2.50541861
  -2.94293774
  -2.52482981
  -2.80327463
  -2.76320760
  -2.49774372
  -2.95927415
  -2.49933058
  -2.44902296
  -2.88800269
  -2.39207049
  -2.36753694
  -2.81334651
  -2.34815414
  -2.28014835
  -2.75427086
  -2.41779146
  -2.32526170
  -2.78184360
  -2.46777004
  -2.33795336
  -2.80010352
  -2.42907309
  -2.30073485
  -2.76038339
  -2.42769736
  -2.26592710
  -2.69071324
  -2.48002437
  -2.24588958
  -2.32233186
  -2.70224276
  -2.27039654
  -2.24925140
  -2.73580304
  -2.29819867
  -2.16783645
  -2.50462634
  -2.45278933
  -2.20190885
  -2.23074102
  -2.68007718
  -2.27806776
  -2.19358502
  -2.61015035
  -2.38017505
  -2.26553915
  -2.47666395
  -2.77698957
  -2.20552001
  -2.03324892
  -2.01239254
  -2.40377205
  -2.04380874
  -1.88978416
  -1.89077537
  -2.15195220
  -2.29246497
  -1.99241461
  -1.96225256
  -2.08551631
  -2.50416458
  -2.10819572
  -2.05969448
  -2.30607784
  -2.48565141
  -2.15132245
  -2.14330830
  -2.58207997
  -2.32661163
  -2.16076121
  -2.26922808
  -2.62494491
  -2.19002348
  -2.15303841
  -2.58799837
  -2.30550219
  -2.12945469
  -2.20211793
  -2.60365961
  -2.15908710
  -2.06983989
  -2.32818735
  -2.42664783
  -2.08479916
  -2.03104342
  -2.37760891
  -2.30800179
  -2.04009527
  -1.99737672
  -2.32050774
  -2.29932876
  -2.01552844
  -1.96135541
  -2.17230488
  -2.38600335
  -1.99472069
  -1.91207455
  -1.98019346
  -2.42774508
  -2.02191153
  -1.88555098
  -1.87743999
  -2.21143116
  -2.36992841
  -2.12595576
  -2.29424949
  -2.87634404
  -2.96402527
  -2.11673879
  -1.73981111
  -1.58532976
  -1.50208789
  -1.47130163
  -1.48120434
  -1.57123935
  -1.86399174
  -1.53509492
  -1.43693600
  -1.37377306
  -1.37590875
  -1.40975616
  -1.45039425
  -1.84576545
  -1.72852105
  -1.60426229
  -1.49010083
  -1.44426945
  -1.37241725
  -1.38136769
  -1.60741958
  -1.72000504
  -1.54710894
  -1.47626302
  -1.44672141
  -1.44720276
  -1.44920776
  -1.62801161
  -2.05101727
  -1.94746124
  -1.15865603
  -0.97599500
  -0.58800051
  -0.23195568
  -4.70665150
  -2.20779747
  -1.37170004
  -1.51280863
  -1.09238058
  -0.78563416
  -0.40529782
  -0.03388687
   0.00000000
   0.00000000
  -0.30514228
  -1.41805875
  -1.04292813
  -0.56274119
  -0.09484666
  -0.00173482
   0.00000000
  -0.00075767
  -0.26574296
  -2.51678255
  -0.88385368
  -0.26132074
  -0.48107845
  -0.60515205
  -0.43068483
  -0.85700898
  -1.29856143
  -0.90725411
  -0.65279383
  -0.59291107
  -0.16992758
  -0.02068157
  -0.12705804
  -0.22284402
  -0.20078285
  -0.61418695
  -0.15074249
  -0.19440971
  -0.37826908
  -0.44135511
  -0.51249836
  -0.44288430
  -0.48542864
  -0.55076708
  -0.48152872
  -0.39705441
  -0.27518475
  -0.07209137
  -0.05544439
  -0.30948907
  -0.54389148
  -0.77662204
  -0.56165838
  -0.55304864
  -0.13390535
  -0.53216373
  -0.63949980
  -0.57380742
  -0.80494546
  -0.84713408
  -0.87878167
  -0.86570869
  -0.58611678
  -0.50773710
  -0.42618649
  -0.52714090
  -0.45887820
  -0.20764600
  -0.10327858
  -0.04181468
  -0.27564674
  -0.45871451
  -0.52753497
  -0.16955850
  -0.24801545
  -0.33140944
  -0.28143400
  -0.16277990
   0.00000000
   0.00000000
   0.00000000
  -0.02219051
   0.00000000
  -0.00113753
   0.00000000
  -0.02589116
   0.00000000
   0.00000000
   0.00000000
   0.00000000
   0.00000000
   0.00000000
   0.00000000
   0.00000000
   0.00000000
   0.00000000
   0.00000000
   0.00000000
   0.00000000
   0.00000000
   0.00000000
   0.00000000
   0.00000000
   0.00000000
   0.00000000
   0.00000000
   0.00000000
   0.00000000
   0.00000000
   0.00000000
   0.00000000
   0.00000000
   0.00000000
   0.00000000
   0.00000000
  -0.74757516
  -2.72188042
  -3.27092824
  -2.62435337
  -2.88729781
  -2.70106129
  -2.71653030
  -3.19454932
  -2.93345226
  -3.24280906
  -2.80133489
  -3.09509627
