   0.00000000
   0.00000000
   0.76643998
   2.76319195
   0.08253635
   0.00000000
   0.15030945
   2.67539066
   2.77474296
   2.49040096
   0.78814610
   0.19614038
   0.00000000
   0.47530952
   1.71471760
   2.56178465
   2.46094046
   2.44069198
   1.79651259
   1.53749281
   0.73215258
   0.52923709
   1.21456688
   1.86987446
   2.05170194
   2.15562346
   1.37658836
   0.94866597
   0.88028617
   1.45471662
   2.10915614
   2.00327145
   2.03654853
   2.42108328
   2.10591547
   2.43466074
   2.13501603
   2.58024159
   2.03756872
   2.10653743
   2.07798067
   2.36316262
   2.47798115
   2.65577487
   2.75753382
   2.93656199
   3.02833873
   2.83264264
   2.73936214
   2.67937758
   2.53948198
   2.21412810
   2.15153126
   2.25560478
   2.12369854
   2.47631962
   2.19494607
   2.58561253
   2.53457267
   2.47483015
   2.60941977
   2.43425131
   2.71708500
   2.82670919
   2.84261707
   2.77123055
   2.55459690
   2.74127186
   2.79298473
   2.72658313
   2.59901513
   2.76362810
   2.81686724
   2.77553960
   2.46677524
   2.58140858
   2.30889084
   2.44013945
   2.01701032
   2.04784788
   1.89789494
   1.74879780
   1.51731179
   1.53323453
   1.74610819
   1.90755328
   1.73835834
   1.75899846
   2.23373477
   2.16456082
   2.42807195
   2.25444154
   2.53188978
   2.24836127
   2.51816485
   2.15864082
   2.39794843
   2.03548987
   2.00724250
   2.30330610
   1.99051155
   2.30620183
   2.11437729
   2.08817190
   2.33684958
   2.03652532
   2.37580837
   2.03504693
   2.21985471
   2.13803156
   1.90186710
   2.19364461
   1.93396862
   1.78405683
   2.04557105
   1.99020594
   1.78557197
   1.87757879
   2.12294132
   1.80772544
   1.82539540
   2.18141340
   1.88428068
   1.86634412
   2.22444005
   1.91879319
   1.92524912
   2.25674427
   1.93918200
   2.10600208
   2.19022666
   1.95070338
   2.29457347
   2.02084189
   1.96979584
   2.25558103
   1.91181317
   1.98802804
   2.16363410
   1.85213571
   1.90603283
   2.15740545
   1.83677870
   1.84521574
   2.19386813
   1.88465276
   1.86698833
   2.21158237
   1.89017927
   1.87130017
   2.19365809
   1.86909992
   1.83684412
   2.17555215
   1.86758839
   1.78476857
   2.12411034
   1.90282841
   1.77479077
   2.01335458
   1.99183436
   1.77487877
   1.82457486
   2.10954947
   1.79250515
   1.73118071
   2.07360714
   1.87661510
   1.74498994
   1.86650122
   2.06905409
   1.78265460
   1.76257870
   2.10689626
   1.82992919
   1.72478103
   1.91802095
   1.90580982
   1.66257168
   1.58128910
   1.60827897
   1.96019164
   1.64305452
   1.53883995
   1.54495235
   1.86436383
   1.76963572
   1.61089824
   1.60047391
   1.86647707
   1.86814924
   1.68246669
   1.66969261
   2.00674919
   1.84302902
   1.71118204
   1.75267719
   2.09302288
   1.78847864
   1.71304175
   2.01645317
   1.88684253
   1.72376067
   1.75167073
   2.07876244
   1.77530465
   1.68743282
   1.92942195
   1.90184556
   1.69720153
   1.66239843
   1.98797057
   1.79867786
   1.65225292
   1.64359325
   1.97890476
   1.75340102
   1.62569949
   1.61909478
   1.95286529
   1.73961765
   1.60664815
   1.58691348
   1.88759323
   1.74966254
   1.58997398
   1.54782017
   1.68729090
   1.86065117
   1.60465365
   1.52414634
   1.53338269
   1.86748908
   1.69779469
   1.58411837
   1.55058758
   1.78573423
   1.70440639
   1.50746017
   1.35988140
   1.26111173
   1.21672824
   1.21662220
   1.24231967
   1.35775881
   1.56198906
   1.29275044
   1.18589699
   1.14279536
   1.14813514
   1.17496838
   1.20439458
   1.63712333
   1.36075470
   1.21486532
   1.16480285
   1.13826617
   1.14932178
   1.15843259
   1.46793584
   1.36990065
   1.17379152
   1.08720944
   1.04211072
   0.99582763
   1.02153562
   1.03200419
   1.07487094
   1.07418573
   0.90152495
   0.52139045
   0.55267125
   4.42085306
   2.29598753
   1.34965192
   1.53516785
   1.12479660
   0.82024345
   0.41538765
   0.03844433
   0.00000000
   0.00000000
   0.19436212
   1.44516610
   1.11556609
   0.96447789
   0.47113876
   0.00000000
   0.00000000
   0.00000000
   0.00000000
   2.57622073
   1.03803646
   0.25741849
   0.53967903
   0.53608277
   0.52795858
   1.01311109
   1.52567304
   1.04792273
   0.71613155
   0.62445911
   0.34024968
   0.03727199
   0.00000023
   0.07963943
   0.07923481
   0.82614174
   0.18669120
   0.27358520
   0.50939397
   0.64219666
   0.72350682
   0.59738192
   0.62985096
   0.72431566
   0.59765754
   0.50272919
   0.37589202
   0.17436378
   0.00930887
   0.47557189
   0.76678147
   1.08263088
   0.77742308
   0.70774053
   0.19208955
   0.77326107
   0.94403984
   0.86395525
   1.21749318
   1.30892767
   1.47186509
   1.45762104
   0.95989106
   0.81400462
   0.77064763
   0.90155086
   0.81331262
   0.31641288
   0.23808753
   0.00099610
   0.56669347
   0.83327670
   1.01816195
   0.32820667
   0.47821270
   0.47200478
   0.19090167
   0.00872970
   0.00000000
   0.00000000
   0.00000000
   0.08710004
   0.00034793
   0.07054035
   0.01014301
   0.00000000
   0.00000000
   0.00000000
   0.00000000
   0.00000000
   0.00000000
   0.00000000
   0.00000000
   0.00000000
   0.00000000
   0.00000000
   0.00000000
   0.00000000
   0.00000000
   0.00000000
   0.00000000
   0.00000000
   0.00000000
   0.00000000
   0.00000000
   0.00000000
   0.00000000
   0.00000000
   0.00000000
   0.00000000
   0.00000000
   0.00000000
   0.00000000
   0.00000000
   0.00000000
   0.04627304
   1.60155989
   2.56865937
   2.24478366
   2.02132401
   2.35240832
   2.06227510
   2.34623005
   2.22566592
   2.41806355
   2.17891557
   2.23413379
