   0.00000000
   0.00000000
  -1.71679609
  -4.26404785
  -0.09481321
   0.00000000
  -0.27030617
  -4.18249780
  -4.31055429
  -3.25596659
  -0.90441170
  -0.21928163
   0.00000000
  -0.70864134
  -2.32067923
  -3.54976637
  -3.39530981
  -3.27265375
  -2.24608243
  -1.79734188
  -0.82773392
  -0.64584670
  -1.55277733
  -2.38112128
  -2.71511637
  -2.73791999
  -1.65541407
  -1.10938286
  -1.04006334
  -1.86275335
  -2.63321722
  -2.55727050
  -2.69828266
  -3.18652433
  -2.78259669
  -3.18545389
  -2.80977777
  -3.44305437
  -2.64941048
  -2.76197434
  -2.64238437
  -3.20461172
  -3.32843938
  -3.66324539
  -3.93152724
  -4.31472812
  -4.49556953
  -4.06167728
  -3.89645078
  -3.81985516
  -3.49007543
  -2.94979011
  -2.87259276
  -2.86254681
  -2.79757715
  -3.26503286
  -2.92568159
  -3.46183625
  -3.48009318
  -3.35903983
  -3.51888023
  -3.32219451
  -3.76991825
  -3.99602359
  -4.05903442
  -3.92188736
  -3.53470075
  -3.79820296
  -3.91144123
  -3.82418937
  -3.62469668
  -3.86368028
  -3.96567104
  -3.92744617
  -3.53677741
  -3.54842831
  -3.29535270
  -3.53626473
  -3.41066077
  -2.82683922
  -2.45016870
  -2.39613105
  -1.83767586
  -1.85716365
  -2.13025776
  -2.33515463
  -2.16494781
  -2.25334225
  -2.92477193
  -2.85457579
  -3.24243988
  -2.98575183
  -3.37602417
  -2.98501173
  -3.34507666
  -2.84246320
  -3.15964529
  -2.61695096
  -2.60165616
  -2.94455710
  -2.56684126
  -2.99704162
  -2.72404800
  -2.72792047
  -3.01816930
  -2.65129203
  -3.10132890
  -2.61668625
  -2.92596305
  -2.75371229
  -2.46752108
  -2.85942945
  -2.44430497
  -2.25534430
  -2.60156316
  -2.49248915
  -2.24670681
  -2.39288008
  -2.67740505
  -2.26933173
  -2.33076858
  -2.76774530
  -2.37310133
  -2.39092137
  -2.83987110
  -2.42785128
  -2.48007991
  -2.88560448
  -2.47179944
  -2.73179878
  -2.79707219
  -2.51433029
  -2.97610720
  -2.57329596
  -2.56434736
  -2.90775086
  -2.42081105
  -2.58109123
  -2.76704542
  -2.33325202
  -2.45348856
  -2.74972834
  -2.30494664
  -2.35283075
  -2.78368267
  -2.37492656
  -2.39178563
  -2.82022517
  -2.38335442
  -2.40159617
  -2.80560428
  -2.34593833
  -2.34677754
  -2.79868310
  -2.33583303
  -2.28969062
  -2.74658182
  -2.36786518
  -2.23753985
  -2.57118547
  -2.49202294
  -2.22750614
  -2.36373324
  -2.71857087
  -2.22901249
  -2.17739419
  -2.63617488
  -2.32958751
  -2.18991906
  -2.37948548
  -2.60104311
  -2.22679538
  -2.23702536
  -2.68713088
  -2.32783807
  -2.36333694
  -2.61983165
  -2.45875155
  -2.09014063
  -1.97278742
  -2.00482420
  -2.40541868
  -2.00446745
  -1.89144785
  -1.92075450
  -2.32716343
  -2.17511060
  -1.98598541
  -2.00158016
  -2.35795016
  -2.31138899
  -2.08446935
  -2.10272525
  -2.54743890
  -2.28218081
  -2.13529277
  -2.22378849
  -2.63712355
  -2.22290677
  -2.15719650
  -2.57703087
  -2.34255223
  -2.14977121
  -2.22529842
  -2.62630205
  -2.19792020
  -2.11322733
  -2.47537334
  -2.36327421
  -2.10011576
  -2.08603769
  -2.53748193
  -2.21440711
  -2.04316894
  -2.06538392
  -2.51773403
  -2.14917464
  -2.00696138
  -2.02716659
  -2.48621479
  -2.12894497
  -1.97732051
  -1.98322277
  -2.42100951
  -2.14574561
  -1.94544274
  -1.91471047
  -2.14831680
  -2.31697609
  -1.95268504
  -1.86932439
  -1.92151116
  -2.52528400
  -2.26896479
  -2.34406791
  -2.85581786
  -2.88678100
  -2.24655386
  -1.78678155
  -1.59734367
  -1.48861246
  -1.44324183
  -1.45016987
  -1.48820720
  -1.63076494
  -1.86078090
  -1.53912080
  -1.41458597
  -1.36827202
  -1.38059929
  -1.41862479
  -1.45960248
  -2.02672829
  -1.80999972
  -1.59082757
  -1.48376336
  -1.37551910
  -1.36928625
  -1.38561139
  -1.77967364
  -1.74183476
  -1.55552921
  -1.50274898
  -1.49409766
  -1.44173491
  -1.64001352
  -1.98594845
  -1.75186159
  -1.34370376
  -1.01982927
  -0.59116386
  -0.63879898
  -4.89926274
  -2.38738460
  -1.36304033
  -1.52747166
  -1.09952832
  -0.79200578
  -0.39713638
  -0.03677690
   0.00000000
   0.00000000
  -0.19381505
  -1.42352018
  -1.07557229
  -0.91529032
  -0.44127586
   0.00000000
   0.00000000
   0.00000000
   0.00000000
  -2.38773644
  -0.93081062
  -0.22172757
  -0.46580109
  -0.45667024
  -0.44911565
  -0.86633256
  -1.32181811
  -0.94171472
  -0.67876308
  -0.61668416
  -0.36113178
  -0.04129838
  -0.00000025
  -0.07839905
  -0.07982023
  -0.67327756
  -0.15644061
  -0.20666450
  -0.36687922
  -0.46258532
  -0.53894472
  -0.45779806
  -0.49490414
  -0.58033317
  -0.48448538
  -0.40586391
  -0.30015147
  -0.13508995
  -0.00692837
  -0.36011546
  -0.57757653
  -0.80554488
  -0.57043829
  -0.51087100
  -0.13598704
  -0.54013780
  -0.65112156
  -0.58675427
  -0.81486211
  -0.85949011
  -0.94432158
  -0.91619974
  -0.59799621
  -0.49444448
  -0.45610964
  -0.51861620
  -0.45895302
  -0.17572192
  -0.12999751
  -0.00054161
  -0.29810030
  -0.43080125
  -0.51551931
  -0.16433332
  -0.23466947
  -0.22799311
  -0.09106443
  -0.00411935
   0.00000000
   0.00000000
   0.00000000
  -0.03727997
  -0.00014551
  -0.02985687
  -0.00426821
   0.00000000
   0.00000000
   0.00000000
   0.00000000
   0.00000000
   0.00000000
   0.00000000
   0.00000000
   0.00000000
   0.00000000
   0.00000000
   0.00000000
   0.00000000
   0.00000000
   0.00000000
   0.00000000
   0.00000000
   0.00000000
   0.00000000
   0.00000000
   0.00000000
   0.00000000
   0.00000000
   0.00000000
   0.00000000
   0.00000000
   0.00000000
   0.00000000
   0.00000000
   0.00000000
  -0.05539656
  -2.01066388
  -3.23472265
  -2.80964805
  -2.56389799
  -2.99255832
  -2.68364727
  -3.10088232
  -2.93691370
  -3.19829629
  -2.83549609
  -2.92003189
