    0.000
    0.000
    0.003
    0.004
    0.003
    0.000
    0.000
    0.002
    0.003
    0.002
    0.001
    0.001
    0.000
    0.000
    0.001
    0.002
    0.003
    0.004
    0.003
    0.003
    0.003
    0.002
    0.002
    0.003
    0.004
    0.004
    0.004
    0.004
    0.004
    0.004
    0.004
    0.005
    0.006
    0.007
    0.007
    0.008
    0.009
    0.009
    0.009
    0.009
    0.010
    0.011
    0.012
    0.013
    0.015
    0.017
    0.019
    0.021
    0.021
    0.022
    0.022
    0.023
    0.023
    0.024
    0.025
    0.026
    0.026
    0.028
    0.029
    0.030
    0.031
    0.033
    0.033
    0.034
    0.036
    0.037
    0.037
    0.038
    0.040
    0.041
    0.042
    0.043
    0.044
    0.044
    0.045
    0.044
    0.045
    0.045
    0.046
    0.046
    0.045
    0.044
    0.043
    0.044
    0.044
    0.045
    0.044
    0.045
    0.046
    0.047
    0.048
    0.049
    0.049
    0.049
    0.049
    0.049
    0.049
    0.047
    0.047
    0.048
    0.048
    0.049
    0.050
    0.051
    0.050
    0.051
    0.051
    0.052
    0.053
    0.052
    0.052
    0.052
    0.050
    0.050
    0.051
    0.051
    0.052
    0.050
    0.049
    0.050
    0.050
    0.051
    0.052
    0.052
    0.053
    0.054
    0.053
    0.053
    0.054
    0.055
    0.054
    0.055
    0.055
    0.056
    0.057
    0.056
    0.056
    0.055
    0.055
    0.055
    0.055
    0.055
    0.056
    0.057
    0.056
    0.056
    0.057
    0.057
    0.058
    0.054
    0.053
    0.054
    0.054
    0.055
    0.054
    0.054
    0.055
    0.056
    0.056
    0.054
    0.053
    0.054
    0.054
    0.055
    0.056
    0.056
    0.057
    0.056
    0.056
    0.055
    0.055
    0.056
    0.055
    0.055
    0.056
    0.056
    0.055
    0.055
    0.055
    0.054
    0.054
    0.055
    0.054
    0.054
    0.054
    0.055
    0.055
    0.056
    0.056
    0.055
    0.055
    0.056
    0.057
    0.057
    0.058
    0.058
    0.057
    0.057
    0.058
    0.059
    0.059
    0.058
    0.058
    0.056
    0.054
    0.054
    0.054
    0.055
    0.055
    0.056
    0.055
    0.055
    0.056
    0.056
    0.056
    0.057
    0.057
    0.055
    0.054
    0.054
    0.053
    0.052
    0.051
    0.051
    0.051
    0.052
    0.051
    0.048
    0.046
    0.045
    0.046
    0.046
    0.047
    0.047
    0.047
    0.048
    0.047
    0.046
    0.047
    0.047
    0.047
    0.045
    0.042
    0.042
    0.038
    0.036
    0.037
    0.034
    0.032
    0.031
    0.032
    0.032
    0.032
    0.032
    0.031
    0.031
    0.031
    0.031
    0.032
    0.032
    0.032
    0.032
    0.031
    0.031
    0.031
    0.031
    0.031
    0.031
    0.031
    0.031
    0.039
    0.061
    0.080
    0.093
    0.105
    0.119
    0.130
    0.139
    0.142
    0.141
    0.140
    0.140
    0.149
    0.163
    0.175
    0.188
    0.197
    0.197
    0.198
    0.198
    0.203
    0.201
    0.198
    0.197
    0.197
    0.196
    0.194
    0.193
    0.190
    0.188
    0.188
    0.187
    0.185
    0.185
    0.185
    0.184
    0.183
    0.181
    0.181
    0.179
    0.177
    0.175
    0.173
    0.171
    0.169
    0.167
    0.165
    0.163
    0.161
    0.161
    0.159
    0.157
    0.157
    0.155
    0.155
    0.153
    0.153
    0.151
    0.151
    0.149
    0.147
    0.145
    0.141
    0.139
    0.137
    0.135
    0.133
    0.131
    0.129
    0.127
    0.127
    0.126
    0.124
    0.120
    0.118
    0.116
    0.114
    0.112
    0.109
    0.106
    0.106
    0.105
    0.103
    0.102
    0.099
    0.100
    0.100
    0.099
    0.098
    0.098
    0.098
    0.098
    0.098
    0.095
    0.083
    0.092
    0.093
    0.093
    0.093
    0.093
    0.093
    0.091
    0.091
    0.089
    0.089
    0.089
    0.089
    0.089
    0.090
    0.090
    0.090
    0.091
    0.092
    0.094
    0.095
    0.093
    0.091
    0.091
    0.085
    0.086
    0.086
    0.087
    0.088
    0.089
    0.085
    0.074
    0.074
    0.069
    0.069
