    0.000
    0.000
    0.003
    0.004
    0.003
    0.000
    0.000
   -0.000
   -0.000
    0.002
    0.002
    0.001
    0.001
    0.000
    0.000
    0.000
   -0.000
   -0.000
   -0.000
   -0.000
   -0.000
   -0.000
   -0.000
   -0.000
   -0.000
   -0.000
   -0.000
   -0.000
   -0.000
   -0.000
   -0.000
   -0.000
   -0.000
   -0.000
   -0.000
   -0.000
   -0.000
   -0.000
   -0.000
   -0.000
   -0.000
   -0.000
   -0.000
    0.000
    0.000
    0.000
    0.000
    0.000
   -0.000
   -0.000
   -0.000
    0.000
    0.000
    0.000
    0.000
   -0.000
    0.000
    0.000
    0.000
    0.000
    0.001
    0.001
   -0.000
    0.000
    0.000
    0.001
   -0.000
    0.000
    0.000
    0.001
   -0.000
    0.000
    0.000
   -0.000
    0.000
   -0.000
    0.000
    0.000
    0.000
    0.000
   -0.000
   -0.000
    0.000
    0.000
    0.000
    0.000
   -0.000
    0.000
    0.000
    0.000
    0.001
    0.001
   -0.000
    0.000
   -0.000
    0.000
    0.000
   -0.000
    0.000
    0.000
    0.000
    0.000
    0.001
    0.001
   -0.000
    0.000
    0.000
    0.000
    0.000
   -0.000
    0.000
   -0.000
   -0.000
    0.000
    0.000
    0.000
    0.000
   -0.000
    0.000
    0.000
    0.000
    0.000
    0.000
    0.001
    0.001
    0.001
   -0.000
    0.000
    0.000
    0.000
   -0.000
    0.000
    0.000
    0.000
    0.000
   -0.000
    0.000
   -0.000
    0.000
   -0.000
    0.000
    0.000
    0.000
    0.000
   -0.000
    0.000
    0.000
    0.000
    0.000
   -0.000
    0.000
    0.000
    0.000
    0.000
   -0.000
    0.000
    0.000
    0.000
    0.000
   -0.000
    0.000
    0.000
    0.000
    0.000
    0.000
    0.000
    0.001
   -0.000
    0.000
   -0.000
    0.000
    0.000
   -0.000
    0.000
    0.000
    0.000
   -0.000
    0.000
    0.000
   -0.000
    0.000
    0.000
   -0.000
    0.000
    0.000
    0.000
    0.000
    0.000
    0.000
   -0.000
    0.000
    0.000
    0.000
    0.000
    0.000
    0.001
   -0.000
    0.000
    0.000
    0.000
    0.000
   -0.000
    0.000
   -0.000
   -0.000
    0.000
    0.000
    0.000
    0.000
    0.000
   -0.000
    0.000
    0.000
    0.000
    0.000
    0.000
    0.000
   -0.000
    0.000
   -0.000
    0.000
   -0.000
   -0.000
    0.000
    0.000
    0.000
   -0.000
   -0.000
   -0.000
    0.005
    0.005
    0.011
    0.024
    0.024
    0.024
    0.024
    0.022
    0.022
    0.022
    0.022
    0.022
    0.019
    0.016
    0.016
    0.011
    0.010
    0.010
    0.007
    0.004
    0.004
    0.004
    0.004
    0.004
    0.004
    0.002
    0.002
    0.008
    0.015
    0.020
    0.025
    0.031
    0.038
    0.038
    0.039
    0.039
    0.039
    0.038
    0.038
    0.038
    0.038
    0.042
    0.040
    0.040
    0.038
    0.038
    0.038
    0.036
    0.034
    0.032
    0.032
    0.032
    0.032
    0.031
    0.031
    0.031
    0.029
    0.029
    0.029
    0.029
    0.029
    0.029
    0.027
    0.027
    0.024
    0.024
    0.024
    0.022
    0.022
    0.020
    0.016
    0.015
    0.014
    0.011
    0.010
    0.009
    0.007
    0.004
    0.000
    0.000
    0.000
    0.000
    0.000
    0.000
    0.000
    0.000
    0.000
    0.000
    0.000
    0.000
    0.000
    0.000
    0.000
    0.000
    0.000
    0.000
    0.000
    0.000
    0.000
    0.000
    0.000
    0.000
    0.000
    0.000
    0.000
    0.000
    0.000
    0.000
    0.000
    0.000
    0.000
    0.000
    0.000
    0.000
    0.000
    0.000
    0.000
    0.000
    0.000
    0.000
    0.000
    0.000
    0.000
    0.000
    0.000
    0.000
    0.000
    0.000
    0.000
    0.004
    0.006
    0.006
    0.007
    0.007
    0.004
    0.001
    0.004
    0.004
    0.004
    0.004
    0.004
    0.004
    0.002
    0.002
    0.000
   -0.000
   -0.000
    0.000
    0.000
   -0.000
   -0.000
    0.000
    0.000
    0.000
    0.001
    0.001
   -0.000
    0.000
    0.000
   -0.000
    0.000
    0.000
    0.000
    0.000
    0.000
   -0.000
   -0.000
    0.000
   -0.000
    0.002
