   0.00000000
   0.00000000
   0.00000000
   0.00000000
   0.00000000
   0.00000000
   0.00000000
   0.00000000
   0.00000000
   0.00000000
   0.00000000
   0.00000000
   0.00000000
   0.00000000
   0.00000000
   0.00000000
   0.30089852
   3.21535668
   3.09909481
   2.96447158
   2.85614390
   2.79506686
   2.79498949
   2.72395820
   2.52694438
   2.66945367
   2.70126318
   2.40703174
   2.56504427
   2.40546290
   2.41469796
   2.42776149
   2.31812843
   2.42982639
   2.27542223
   2.41405833
   2.25270720
   2.34784192
   2.26331987
   2.16263435
   2.34058793
   2.02429400
   2.36138512
   2.05049402
   2.15747434
   2.23115894
   1.99630691
   2.35366340
   2.04414991
   2.21606362
   2.17868318
   1.98357823
   2.32254538
   2.00247999
   2.07855588
   2.23949322
   1.94824739
   2.27575348
   2.05674660
   1.99034536
   2.31865444
   1.98352604
   2.23539523
   2.12951870
   1.97933759
   2.31732842
   1.98913898
   2.12520102
   2.17887874
   1.92432190
   2.25005265
   2.02938086
   1.91704136
   2.26711902
   1.95458392
   1.92310823
   2.24409011
   1.90446267
   1.89792321
   2.21038526
   1.87263459
   1.86244144
   2.19000070
   1.86673752
   1.82113720
   2.17064615
   1.87400023
   1.78149114
   2.11727212
   1.90969079
   1.77041413
   1.99512338
   2.00200227
   1.78872740
   1.82200463
   2.13570348
   1.81597902
   1.76657056
   2.11399865
   1.86352826
   1.74143730
   1.96830837
   1.96873137
   1.74869285
   1.72628010
   2.07300791
   1.81261307
   1.70077975
   1.82540901
   2.01953685
   1.74460871
   1.69266383
   2.01511535
   1.85041238
   1.70081879
   1.71510774
   2.05800402
   1.76812457
   1.66725042
   1.76411988
   2.00729890
   1.71365998
   1.63926492
   1.81706347
   1.91906096
   1.67804405
   1.61847361
   1.79271105
   1.90786131
   1.66996713
   1.61014273
   1.76777581
   1.91513312
   1.66779370
   1.60292566
   1.71612480
   1.94427276
   1.66808907
   1.59387577
   1.64395651
   1.97633220
   1.67684975
   1.58459997
   1.59734045
   1.94836064
   1.69384847
   1.57332658
   1.55339216
   1.82250713
   1.76571716
   1.58423078
   1.52850430
   1.56157443
   1.91528445
   1.63614890
   1.52376215
   1.49898942
   1.66215830
   1.80385223
   1.55716878
   1.47184931
   1.46370996
   1.65208204
   1.74834264
   1.52219456
   1.43909123
   1.42695315
   1.49637937
   1.81125310
   1.51306947
   1.41458282
   1.38876457
   1.40967436
   1.73631439
   1.56467065
   1.42147963
   1.36170707
   1.35802179
   1.38972158
   1.76873770
   1.47339590
   1.35951007
   1.31443349
   1.31655064
   1.34399993
   1.72811338
   1.44278820
   1.32281779
   1.26969832
   1.26375101
   1.28381674
   1.55198873
   1.50972494
   1.32417495
   1.24073534
   1.21030420
   1.21525043
   1.23859256
   1.52742763
   1.44950298
   1.27339571
   1.19083809
   1.15678884
   1.15666258
   1.17322544
   1.21201296
   1.60876012
   1.28989786
   1.17014393
   1.10572385
   1.07921752
   1.07714299
   1.08792534
   1.10088278
   1.47652143
   1.28132204
   1.09397899
   1.00971682
   0.96473745
   0.94987853
   0.95243841
   0.96344248
   0.97564454
   0.98556889
   1.40076310
   1.14332578
   0.90942118
   0.88195180
   0.85824160
   0.82677419
   0.81336694
   0.81143404
   0.81547217
   0.82125778
   0.82597167
   0.82800048
   1.07827767
   1.20485113
   0.85295007
   0.72746830
   0.68842880
   0.73452881
   0.70033776
   0.66592019
   0.64631665
   0.63583024
   0.63171075
   0.63089335
   0.63126038
   0.63183275
   0.63170354
   0.63017406
   0.62696803
   0.62227380
   1.30468774
   0.85046899
   0.66502914
   0.58357688
   0.53449708
   0.50022990
   0.47797752
   0.52340499
   0.52312156
   0.47511519
   0.43910816
   0.42012464
   0.40928050
   0.40217130
   0.39711003
   0.39296207
   0.38895189
   0.38506484
   0.38090125
   0.37549884
   0.36883414
   0.36089791
   0.35169816
   0.34125590
   0.32959068
   0.31670874
   0.30259997
   0.28722671
   0.27051440
   0.25318858
   0.63697377
   1.19058989
   0.82622963
   0.35137673
   0.44433561
   1.67974061
   2.60072621
   3.19866786
   2.82901055
   2.27468304
   1.91465952
   1.66509336
   1.48049399
   1.32781458
   1.55096004
   2.02512362
   0.77474094
   0.66107217
   0.63841160
   0.59151985
   0.56616383
   0.55223019
   0.49172444
   0.48901450
   0.38996969
   0.03267503
   0.12034739
   0.15758667
   0.14632081
   0.11553238
   0.06136292
   0.02293699
   0.00035931
   0.00000000
   0.00000000
   0.00000000
   0.00000000
   0.00000000
   0.00000000
   0.00000000
   0.00000000
   0.00000000
   0.00000000
   0.00000000
   0.00000000
   0.00000000
   0.00000000
   0.00000000
   0.00000000
   0.00000000
   0.00000000
   0.00000000
   0.00000000
   0.00000000
   0.00000000
   0.00000000
   0.00000000
   0.00000000
   0.00000000
   0.00000000
   0.00000000
   0.00000000
   0.00000000
   0.00000000
   0.00000000
   0.00000000
   0.00000000
   0.00000000
   0.00000000
   0.00000000
   0.00000000
   0.00000000
   0.00000000
   0.00000000
   0.00000000
   0.00000000
   0.00000000
   0.00000000
   0.00000000
   0.00000000
   0.00000000
   0.00000000
   0.00000000
   0.00000000
   0.00000000
   0.00000000
   0.00000000
   0.00000000
   0.00000000
   0.00000000
   0.00000000
   0.00000000
   0.00000000
   0.00000000
   0.00000000
   0.00000000
   0.00000000
   0.00000000
   0.00000000
   0.00000000
   0.00000000
   0.00000000
   0.00000000
   0.00000000
   0.00000000
   0.00000000
   0.15024739
   1.21039270
   1.42808738
   1.76462141
   1.91167749
   1.64696229
   1.46083841
   1.33271012
   1.26502793
