    0.000
    0.010
    0.016
    0.022
    0.026
    0.031
    0.035
    0.040
    0.042
    0.044
    0.046
    0.048
    0.050
    0.053
    0.056
    0.050
    0.052
    0.054
    0.056
    0.046
    0.040
    0.040
    0.041
    0.042
    0.043
    0.043
    0.045
    0.046
    0.045
    0.040
    0.030
    0.029
    0.030
    0.031
    0.031
    0.031
    0.031
    0.032
    0.033
    0.034
    0.034
    0.035
    0.036
    0.037
    0.037
    0.038
    0.039
    0.040
    0.040
    0.040
    0.041
    0.042
    0.043
    0.043
    0.044
    0.045
    0.046
    0.047
    0.046
    0.046
    0.047
    0.046
    0.046
    0.046
    0.047
    0.047
    0.048
    0.048
    0.049
    0.049
    0.050
    0.050
    0.051
    0.051
    0.052
    0.052
    0.053
    0.054
    0.054
    0.055
    0.055
    0.056
    0.056
    0.057
    0.057
    0.058
    0.058
    0.058
    0.058
    0.058
    0.058
    0.058
    0.059
    0.059
    0.059
    0.059
    0.060
    0.059
    0.059
    0.059
    0.059
    0.059
    0.059
    0.059
    0.059
    0.060
    0.060
    0.059
    0.060
    0.060
    0.060
    0.060
    0.060
    0.060
    0.059
    0.060
    0.060
    0.060
    0.060
    0.060
    0.060
    0.056
    0.052
    0.050
    0.050
    0.050
    0.050
    0.050
    0.050
    0.050
    0.050
    0.050
    0.049
    0.049
    0.049
    0.049
    0.048
    0.047
    0.047
    0.047
    0.046
    0.046
    0.046
    0.046
    0.046
    0.046
    0.045
    0.045
    0.045
    0.045
    0.045
    0.044
    0.044
    0.044
    0.044
    0.044
    0.044
    0.044
    0.041
    0.049
    0.058
    0.065
    0.070
    0.075
    0.090
    0.094
    0.110
    0.133
    0.144
    0.157
    0.161
    0.159
    0.157
    0.156
    0.155
    0.153
    0.153
    0.150
    0.148
    0.145
    0.143
    0.141
    0.141
    0.139
    0.137
    0.135
    0.134
    0.133
    0.131
    0.131
    0.129
    0.129
    0.127
    0.126
    0.125
    0.123
    0.122
    0.121
    0.119
    0.118
    0.117
    0.117
    0.115
    0.114
    0.115
    0.113
    0.112
    0.111
    0.109
    0.109
    0.108
    0.109
    0.106
    0.106
    0.105
    0.105
    0.102
    0.101
    0.101
    0.100
    0.099
    0.097
    0.098
    0.096
    0.094
    0.092
    0.091
    0.090
    0.089
    0.088
    0.086
    0.083
    0.084
    0.082
    0.080
    0.079
    0.079
    0.078
    0.077
    0.077
    0.077
    0.075
    0.074
    0.075
    0.069
    0.067
    0.067
    0.065
    0.061
    0.058
    0.058
    0.057
    0.054
    0.054
    0.053
    0.053
    0.052
    0.052
    0.052
    0.052
    0.052
    0.051
    0.051
    0.050
    0.050
    0.050
    0.050
    0.050
    0.050
    0.050
    0.050
    0.050
    0.050
    0.050
    0.050
    0.050
    0.050
    0.050
    0.050
    0.051
    0.051
    0.050
    0.050
    0.050
    0.050
    0.050
    0.051
    0.051
    0.052
    0.053
    0.053
    0.053
    0.054
    0.054
    0.054
    0.054
    0.055
    0.055
    0.055
    0.056
    0.056
    0.057
    0.058
    0.058
    0.059
    0.058
    0.059
    0.060
    0.061
    0.060
    0.061
    0.062
    0.063
    0.062
    0.063
    0.064
    0.063
    0.063
    0.063
    0.063
    0.064
    0.064
    0.064
    0.063
    0.062
    0.062
    0.062
    0.062
    0.063
    0.062
    0.062
    0.062
    0.063
    0.064
    0.064
    0.064
    0.064
    0.063
    0.063
    0.064
    0.062
    0.061
    0.062
    0.062
    0.063
    0.063
    0.064
    0.063
    0.063
    0.064
    0.065
    0.065
    0.064
    0.064
    0.063
    0.062
    0.062
    0.062
    0.063
    0.063
    0.061
    0.060
    0.061
    0.061
    0.062
    0.062
    0.063
    0.063
    0.064
    0.063
    0.063
    0.064
    0.064
    0.064
    0.064
    0.064
    0.065
    0.066
    0.065
    0.065
    0.064
    0.064
    0.063
    0.063
    0.063
    0.064
    0.064
    0.064
    0.064
    0.064
    0.065
    0.065
    0.061
    0.060
    0.061
    0.061
    0.062
    0.061
    0.061
    0.061
    0.062
    0.063
    0.060
    0.060
    0.060
    0.061
    0.061
    0.062
    0.062
    0.063
    0.062
    0.062
    0.061
    0.061
    0.061
    0.060
    0.060
    0.061
    0.061
    0.060
    0.060
    0.060
    0.059
    0.059
    0.059
    0.058
    0.058
    0.059
    0.059
    0.060
    0.060
    0.061
    0.060
    0.059
    0.060
    0.060
    0.061
    0.062
    0.062
    0.061
    0.061
    0.062
    0.062
    0.063
    0.062
    0.062
    0.059
    0.057
    0.057
    0.057
    0.058
    0.058
    0.059
    0.058
    0.058
    0.058
    0.059
    0.059
    0.060
    0.060
    0.057
    0.057
    0.056
    0.056
    0.055
    0.053
    0.053
    0.053
    0.054
    0.053
    0.049
    0.047
    0.047
    0.048
    0.048
    0.048
    0.049
    0.049
    0.049
    0.048
    0.048
    0.048
    0.048
    0.049
    0.046
    0.044
    0.043
    0.039
    0.038
    0.038
    0.035
    0.033
    0.033
    0.033
    0.033
    0.034
    0.034
    0.032
    0.032
    0.032
    0.033
    0.033
    0.033
    0.033
    0.033
    0.032
    0.032
    0.032
    0.032
    0.032
    0.032
    0.032
    0.033
    0.039
    0.060
    0.079
    0.092
    0.104
    0.117
    0.129
    0.137
    0.142
    0.143
    0.144
    0.149
    0.161
    0.175
    0.187
    0.201
    0.210
    0.214
    0.216
    0.217
    0.223
    0.218
    0.215
    0.214
    0.212
    0.210
    0.209
    0.206
    0.203
    0.200
    0.200
    0.198
    0.198
    0.197
    0.196
    0.196
    0.195
    0.194
    0.192
    0.191
    0.189
    0.187
    0.185
    0.185
    0.183
    0.181
    0.180
    0.179
    0.178
    0.177
    0.176
    0.175
    0.175
    0.173
    0.173
    0.171
    0.171
    0.171
    0.169
    0.168
    0.166
    0.164
    0.160
    0.158
    0.157
    0.156
    0.154
    0.152
    0.150
    0.150
    0.148
    0.147
    0.146
    0.144
    0.139
    0.138
    0.135
    0.133
    0.129
    0.127
    0.124
    0.125
    0.122
    0.122
    0.118
    0.118
    0.118
    0.116
    0.116
    0.116
    0.116
    0.115
    0.115
    0.112
    0.100
    0.110
    0.111
    0.111
    0.111
    0.111
    0.110
    0.109
    0.109
    0.107
    0.106
    0.106
    0.106
    0.107
    0.107
    0.107
    0.108
    0.108
    0.109
    0.110
    0.111
    0.109
    0.108
    0.108
    0.102
    0.102
    0.102
    0.103
    0.104
    0.104
    0.100
    0.089
    0.089
    0.084
    0.084
