   0.00000000
 -11.58610696
  -7.65020053
  -7.18112611
  -7.08342547
  -6.42530547
  -6.17060695
  -6.22834772
  -6.52330258
  -8.83710911
  -4.95131952
  -4.79546959
  -4.90578228
  -4.48616180
  -4.78993202
  -4.85153134
  -4.66915502
  -4.39494785
  -4.60236233
  -4.59763583
  -4.48732411
  -4.97830835
  -4.05204982
  -3.83766438
  -3.55754580
  -3.44319048
  -3.72411403
  -3.67475882
  -3.48975133
  -3.82745087
  -4.33830201
  -4.80520215
  -4.35192800
  -2.98594848
  -2.98783301
  -2.97764855
  -2.67420134
  -3.18762633
  -2.64812834
  -3.03293970
  -2.80875743
  -2.92556563
  -3.05030571
  -2.82579082
  -3.14491302
  -2.72564406
  -3.14149485
  -2.67821491
  -3.09845540
  -2.79532947
  -2.90342470
  -2.93268883
  -2.63893966
  -3.08659943
  -2.60702385
  -2.94306815
  -2.76755722
  -2.62611392
  -3.07223453
  -2.63470939
  -3.04848839
  -2.72151550
  -2.63825430
  -3.37169887
  -3.38051270
  -2.88425738
  -2.66274370
  -2.26742785
  -2.18481389
  -2.53676494
  -2.51500236
  -2.27629717
  -2.47282280
  -2.65830432
  -2.29530339
  -2.43968598
  -2.66564149
  -2.29289320
  -2.36658975
  -2.76991392
  -2.35126845
  -2.34964417
  -2.77031539
  -2.30892680
  -2.24309792
  -2.68100227
  -2.31224626
  -2.16990544
  -2.41812790
  -2.51653928
  -2.38281793
  -2.65534387
  -3.06269967
  -2.54496613
  -2.28118388
  -2.26689535
  -2.68777196
  -2.40647732
  -2.03664213
  -1.94629448
  -1.99271953
  -1.70074846
  -1.92850314
  -1.89092090
  -1.67329151
  -1.56617274
  -1.63635070
  -1.54459859
  -1.51992376
  -1.87411386
  -1.89531756
  -1.54631510
  -1.43599271
  -1.40450521
  -1.41885408
  -1.52768203
  -2.06715194
  -1.85545732
  -1.52985194
  -1.39427729
  -1.34773012
  -1.31657528
  -1.32943885
  -1.34859263
  -1.64333452
  -1.56063112
  -1.31096992
  -1.35290028
  -1.17768992
  -1.22913098
  -1.36863160
  -1.41477899
  -1.42046232
  -1.43257139
  -1.68374669
  -1.30487525
  -1.10739516
  -0.86026188
  -0.66544425
  -0.63197790
  -0.67652921
  -0.77841690
  -0.80518041
  -0.74084424
  -0.71410012
  -0.63652858
  -0.63401813
  -0.64943011
  -0.66222383
  -0.67363160
  -0.68370047
  -0.69188337
  -0.69746644
  -0.69988087
  -0.69886679
  -0.93808108
  -1.28402554
  -0.90974760
  -0.75115422
  -0.11035422
   0.00000000
  -0.10098911
  -0.56047420
  -1.02693455
  -1.58161584
  -1.75867794
  -1.87013330
  -3.73485212
  -1.96725089
  -1.61756849
  -1.79418875
  -2.12178588
  -0.50919673
  -0.85041779
  -0.79270904
  -0.67011111
  -0.47003446
  -0.65351346
  -0.67207965
  -0.86628898
  -0.56150712
  -0.46128310
  -0.23544732
  -0.25285097
  -0.33780667
  -0.00156482
  -0.30957322
  -0.29864339
  -0.29342826
  -0.39225118
  -0.35882999
  -0.59714138
  -0.62702634
  -0.52656240
  -0.56342552
  -0.51923594
  -0.48149891
  -0.62206838
  -0.38815472
  -0.35575708
  -0.21161733
  -0.19644093
  -0.11670628
   0.00000000
   0.00000000
  -0.50361352
  -0.29746493
  -0.37984039
  -0.15725654
  -0.04707348
   0.00000000
   0.00000000
  -0.19176310
   0.00000000
   0.00000000
   0.00000000
   0.00000000
   0.00000000
  -0.01596492
  -0.04151531
   0.00000000
   0.00000000
  -0.00940016
  -0.07603622
  -0.09066811
  -0.07334509
  -0.00671196
   0.00000000
   0.00000000
   0.00000000
   0.00000000
   0.00000000
   0.00000000
   0.00000000
   0.00000000
   0.00000000
   0.00000000
   0.00000000
   0.00000000
   0.00000000
   0.00000000
   0.00000000
   0.00000000
   0.00000000
   0.00000000
   0.00000000
   0.00000000
   0.00000000
   0.00000000
   0.00000000
   0.00000000
   0.00000000
   0.00000000
   0.00000000
   0.00000000
   0.00000000
   0.00000000
   0.00000000
   0.00000000
   0.00000000
   0.00000000
   0.00000000
   0.00000000
   0.00000000
   0.00000000
   0.00000000
   0.00000000
   0.00000000
   0.00000000
   0.00000000
   0.00000000
   0.00000000
   0.00000000
   0.00000000
   0.00000000
   0.00000000
   0.00000000
   0.00000000
   0.00000000
   0.00000000
   0.00000000
   0.00000000
   0.00000000
   0.00000000
   0.00000000
   0.00000000
   0.00000000
  -0.16654863
  -2.49844393
  -3.65428442
  -3.05592945
  -3.24970898
  -2.73123038
  -2.91370050
  -2.46526969
  -2.15784625
  -2.47157944
  -2.34057199
  -2.16860471
  -2.22735385
  -2.70136812
  -2.40719138
  -2.45504989
  -2.85838975
  -2.44747810
  -2.76242328
  -2.94399536
  -2.83575426
  -3.24383377
  -2.86817305
  -3.21998374
  -2.86407999
  -3.28701657
  -2.89467590
  -3.30576073
  -2.96547590
  -3.33320495
  -2.95374563
  -3.20379232
  -2.66014445
  -3.00794662
  -2.46367717
  -2.16684841
  -2.32104688
  -2.23539397
  -1.86897112
  -1.72659939
  -1.71440943
  -1.87689949
  -2.24365246
  -1.96776359
  -1.97254313
  -2.13147823
  -2.68278953
  -2.44887343
  -2.41214650
  -2.90607166
  -2.50512501
  -2.61173956
  -2.78948030
  -2.32503807
  -2.45546451
  -2.61382745
  -2.25922241
  -2.30568042
  -2.75643766
  -2.34152194
  -2.30518979
  -2.77689144
  -2.38871104
  -2.29719418
  -2.75574681
  -2.37197217
  -2.21260087
  -2.53716204
  -2.38219632
  -2.08209829
  -2.04994725
  -2.46505932
  -2.22832687
  -2.02919737
  -2.01976831
  -2.45332628
  -2.20890732
  -2.04363886
  -2.06816195
  -2.50981135
  -2.25252196
  -2.10808103
  -2.19133442
  -2.62547224
  -2.23673554
  -2.18363247
  -2.60077454
  -2.43556050
  -2.24115330
  -2.44218885
  -2.60977711
  -2.22993383
  -2.26575499
  -2.67643726
  -2.23181217
  -2.13476516
  -2.49295383
  -2.37922778
  -2.11360556
  -2.10205868
  -2.56529879
  -2.26662950
  -2.12502816
  -2.20287777
  -2.61568721
  -2.19354600
  -2.12149094
  -2.51560841
  -2.34546048
  -2.11884239
  -2.11947019
  -2.61040425
  -2.19882772
  -2.06479057
  -2.11970564
  -2.55253125
  -2.15397877
  -2.04864725
  -2.17044846
  -2.55614169
  -2.09267461
  -2.00843688
  -2.12897046
  -2.49885673
  -2.08988607
  -2.02128828
  -2.15280018
  -2.50364813
  -2.09223986
  -2.02315981
  -2.25996241
  -2.53877786
  -2.17740479
  -2.04003866
  -2.02840310
  -2.41130437
  -1.96210915
  -1.79868547
  -1.77613466
  -1.83483363
  -2.28556598
  -1.93972168
  -1.80995653
  -1.82209099
  -1.92513663
  -2.36254969
  -1.96875236
  -1.89677004
  -1.94205340
  -2.36148800
  -2.14510108
  -1.98157312
  -1.98811178
  -2.33729705
  -2.27018345
  -2.03205128
  -2.00678044
  -2.36086106
  -2.27295791
  -2.02853330
  -1.99990291
  -2.33515481
  -2.27789131
  -2.01193776
  -1.96766845
  -2.22076887
  -2.32603923
  -1.99270686
  -1.92511201
  -2.01441567
  -2.41843559
  -2.00827102
  -1.89627772
  -1.91599467
  -2.31489599
  -2.10048815
  -1.90053298
  -1.85735784
  -1.94995777
  -2.36486106
  -1.94842475
  -1.82656018
  -1.82356342
  -2.03603952
  -2.24022516
  -1.87016376
  -1.77481993
  -1.78179451
  -2.14959603
  -2.38065395
  -2.04832096
  -1.96106177
  -1.91942507
  -1.84308612
  -2.19450779
  -1.82799389
  -1.55117369
  -1.41514380
  -1.37395438
  -1.37878166
  -1.40867975
  -1.44553698
  -1.82144488
  -1.58386465
  -1.40085757
  -1.32047200
  -1.30145606
  -1.32473964
  -1.36777407
  -1.43568464
  -1.98875358
  -1.61383078
  -1.42736822
  -1.33199333
  -1.29225798
  -1.29991872
  -1.32662778
  -1.34502638
  -1.81375452
  -1.59911703
  -1.35651372
  -1.20688688
  -1.11657707
  -1.06531934
  -1.02995540
  -0.98648697
  -1.06482175
  -3.92468273
  -3.39377340
  -1.85997859
  -1.22137410
  -1.42559533
  -0.92867714
  -0.64478538
  -0.52127066
  -0.20633353
  -0.00715621
  -0.39786635
  -0.83152976
  -1.14943061
  -0.90346010
  -0.80599961
  -0.54125856
  -0.05850283
  -0.01716477
   0.00000000
  -0.04649572
  -2.11068082
  -1.00156371
  -0.34863192
  -0.58600316
  -0.67817246
  -0.49545229
  -0.79809696
  -1.09863660
  -0.86696828
  -0.66871583
  -0.53429280
  -0.35903683
  -0.25552070
  -0.12841649
  -0.17257602
  -0.20204632
  -0.24062657
  -0.00004952
  -0.34351912
  -0.41175938
  -0.39440839
  -0.38087662
  -0.28586270
  -0.29817650
  -0.31535394
  -0.25803274
  -0.21384312
  -0.14115878
  -0.16095083
  -0.15882179
  -0.15212497
  -0.05730542
  -0.16913601
  -0.11594071
  -0.12395725
   0.00000000
  -0.07042244
  -0.17341772
  -0.16963026
  -0.28244669
  -0.33027529
  -0.41383463
  -0.33644611
  -0.25068037
  -0.22312220
  -0.21374587
  -0.28648993
  -0.27682077
  -0.11475749
  -0.03972592
   0.00000000
  -0.14618861
  -0.02062879
   0.00000000
   0.00000000
  -0.00634003
  -0.09652684
  -0.14665523
  -0.17771947
  -0.03385058
   0.00000000
  -0.11656747
  -0.10435843
  -0.04601663
  -0.15268371
  -0.07667905
   0.00000000
   0.00000000
   0.00000000
   0.00000000
   0.00000000
   0.00000000
   0.00000000
   0.00000000
   0.00000000
   0.00000000
   0.00000000
   0.00000000
   0.00000000
   0.00000000
   0.00000000
   0.00000000
   0.00000000
   0.00000000
   0.00000000
   0.00000000
  -0.03061329
  -0.00001499
   0.00000000
   0.00000000
   0.00000000
   0.00000000
   0.00000000
   0.00000000
   0.00000000
   0.00000000
   0.00000000
   0.00000000
   0.00000000
  -0.82622238
  -2.19405855
  -3.03778881
  -2.72423583
  -2.88726794
  -2.98987612
  -2.67760873
  -3.02696900
  -2.53803174
