   0.00000000
   0.00000000
  -1.71747145
  -4.26175199
  -0.09717264
   0.00000000
   0.00000000
   0.00000000
   0.00000000
   0.00000000
   0.00000000
   0.00000000
   0.00000000
   0.00000000
   0.00000000
   0.00000000
   0.00000000
   0.00000000
   0.00000000
   0.00000000
   0.00000000
   0.00000000
   0.00000000
   0.00000000
   0.00000000
   0.00000000
   0.00000000
   0.00000000
   0.00000000
   0.00000000
   0.00000000
   0.00000000
   0.00000000
   0.00000000
   0.00000000
   0.00000000
   0.00000000
   0.00000000
   0.00000000
   0.00000000
   0.00000000
   0.00000000
   0.00000000
   0.00000000
   0.00000000
   0.00000000
   0.00000000
   0.00000000
   0.00000000
   0.00000000
   0.00000000
   0.00000000
   0.00000000
   0.00000000
   0.00000000
  -0.52416238
  -0.61319351
  -0.68546251
  -0.78270378
  -0.75883042
  -0.71765423
  -1.40746998
  -1.37104188
  -1.12410366
  -1.00422858
  -0.86477438
  -0.82915836
  -0.91690641
  -0.92488914
  -0.86570103
  -0.85981940
  -0.89446964
  -0.89016864
  -0.76668582
  -0.64382694
  -0.56830601
  -0.44224778
  -0.27578389
  -0.07514816
  -0.00105919
   0.00000000
   0.00000000
   0.00000000
   0.00000000
   0.00000000
  -0.02164025
  -0.09336230
  -0.22660362
  -0.41720859
  -0.57219877
  -0.63339511
  -0.66680226
  -1.36288283
  -1.07455191
  -0.73172352
  -0.54823040
  -0.43743821
  -0.38348261
  -0.37823162
  -0.38136744
  -0.38770121
  -0.38267257
  -0.37531727
  -0.37944647
  -0.38273238
  -0.36649324
  -0.34927185
  -0.33581206
  -0.33673341
  -0.35123702
  -0.31762236
  -0.27461328
  -0.23893771
  -0.21295891
  -0.19706425
  -0.18964340
  -0.18577120
  -0.17804342
  -0.17321514
  -0.17506109
  -0.17998014
  -0.18074552
  -0.17993687
  -0.18087768
  -0.17560532
  -0.17505594
  -0.18484435
  -0.16656468
  -0.16942002
  -0.17892450
  -0.19082063
  -0.19384438
  -0.18867128
  -0.18280115
  -0.17905177
  -0.17670027
  -0.17003753
  -0.16114635
  -0.15582421
  -0.15188898
  -0.14715795
  -0.14469155
  -0.15011710
  -0.16023224
  -0.17246295
  -0.17708144
  -0.17649755
  -0.17455559
  -0.17165534
  -0.16296140
  -0.15398134
  -0.15120642
  -0.14383591
  -0.13511852
  -0.12698635
  -0.12498103
  -0.13150048
  -0.13278455
  -0.13153522
  -0.12780245
  -0.11799642
  -0.10631286
  -0.09673876
  -0.09073335
  -0.08971835
  -0.09510721
  -0.10296225
  -0.10717156
  -0.10575972
  -0.10755882
  -0.10718538
  -0.10271823
  -0.09194074
  -0.07133550
  -0.05526790
  -0.04365210
  -0.03525193
  -0.02851169
  -0.02388525
  -0.02132309
  -0.02037692
  -0.02012677
  -0.02119562
  -0.02357869
  -0.02688735
  -0.03065779
  -0.03484103
  -0.03918838
  -0.04347709
  -0.04658811
  -0.04799887
  -0.04909665
  -0.05195634
  -0.05650858
  -0.06059451
  -0.06268153
  -0.06359189
  -0.06351467
  -0.06205605
  -1.54128168
  -1.28882667
  -0.80728402
  -0.53956205
  -0.31372799
  -0.19743883
  -0.13904271
  -0.10853472
  -0.09241048
  -0.08057346
  -0.07203046
  -0.06509109
  -0.05816772
  -0.05243233
  -0.04983022
  -0.04804417
  -0.04578235
  -0.04370737
  -0.04183608
  -0.03940999
  -0.03566572
  -0.03142594
  -0.02759698
  -0.02397257
  -0.01954911
  -0.01494912
  -0.01095177
  -0.00760326
  -0.00439509
  -0.00057370
   0.00000000
   0.00000000
   0.00000000
   0.00000000
   0.00000000
   0.00000000
   0.00000000
   0.00000000
   0.00000000
   0.00000000
   0.00000000
   0.00000000
   0.00000000
   0.00000000
   0.00000000
   0.00000000
   0.00000000
   0.00000000
   0.00000000
   0.00000000
   0.00000000
   0.00000000
   0.00000000
   0.00000000
   0.00000000
   0.00000000
   0.00000000
   0.00000000
   0.00000000
   0.00000000
   0.00000000
   0.00000000
   0.00000000
   0.00000000
   0.00000000
   0.00000000
   0.00000000
   0.00000000
   0.00000000
   0.00000000
   0.00000000
   0.00000000
   0.00000000
   0.00000000
   0.00000000
   0.00000000
   0.00000000
   0.00000000
   0.00000000
   0.00000000
  -0.61715242
  -3.69345292
  -0.76017223
   0.00000000
   0.00000000
   0.00000000
   0.00000000
   0.00000000
   0.00000000
   0.00000000
  -0.00544762
   0.00000000
   0.00000000
   0.00000000
   0.00000000
   0.00000000
   0.00000000
   0.00000000
   0.00000000
   0.00000000
   0.00000000
   0.00000000
   0.00000000
   0.00000000
   0.00000000
   0.00000000
   0.00000000
   0.00000000
   0.00000000
   0.00000000
   0.00000000
   0.00000000
   0.00000000
   0.00000000
   0.00000000
   0.00000000
   0.00000000
   0.00000000
   0.00000000
   0.00000000
   0.00000000
   0.00000000
   0.00000000
   0.00000000
   0.00000000
   0.00000000
   0.00000000
   0.00000000
   0.00000000
   0.00000000
   0.00000000
   0.00000000
   0.00000000
   0.00000000
   0.00000000
   0.00000000
   0.00000000
   0.00000000
   0.00000000
   0.00000000
   0.00000000
   0.00000000
   0.00000000
   0.00000000
   0.00000000
   0.00000000
   0.00000000
   0.00000000
   0.00000000
   0.00000000
   0.00000000
   0.00000000
   0.00000000
   0.00000000
   0.00000000
   0.00000000
   0.00000000
   0.00000000
   0.00000000
  -2.56999680
  -5.88158676
  -1.71423861
  -2.25542140
  -0.38023338
  -0.04793869
   0.00000000
   0.00000000
   0.00000000
   0.00000000
   0.00000000
   0.00000000
   0.00000000
   0.00000000
   0.00000000
   0.00000000
   0.00000000
   0.00000000
   0.00000000
   0.00000000
   0.00000000
   0.00000000
  -0.01058505
  -0.68509159
  -1.83116981
  -1.96070482
  -1.82407245
  -2.04521189
  -1.20935566
  -0.95782461
  -0.86988972
  -0.68129348
  -0.59820751
  -0.61668384
  -0.70260244
  -0.78649253
  -0.81108710
  -0.71611861
  -0.51040318
  -0.38937046
  -0.27611504
