   0.00000000
   0.00000000
   0.76700207
   2.76354367
   0.08458011
   0.00000000
   0.00000000
   0.00000000
   0.00000000
   0.00000000
   0.00000000
   0.00000000
   0.00000000
   0.00000000
   0.00000000
   0.00000000
   0.00000000
   0.00000000
   0.00000000
   0.00000000
   0.00000000
   0.00000000
   0.00000000
   0.00000000
   0.00000000
   0.00000000
   0.00000000
   0.00000000
   0.00000000
   0.00000000
   0.00000000
   0.00000000
   0.00000000
   0.00000000
   0.00000000
   0.00000000
   0.00000000
   0.00000000
   0.00000000
   0.00000000
   0.00000000
   0.00000000
   0.00000000
   0.00000000
   0.00000000
   0.00000000
   0.00000000
   0.00000000
   0.00000000
   0.00000000
   0.00000000
   0.00000000
   0.00000000
   0.00000000
   0.00000000
   0.45433602
   0.53280404
   0.59494654
   0.67798469
   0.65898643
   0.62446492
   1.22484049
   1.19894877
   0.98183176
   0.87679416
   0.75739020
   0.72543444
   0.80049768
   0.80620333
   0.75459091
   0.74785248
   0.77525027
   0.77108077
   0.66799774
   0.56378012
   0.49879739
   0.38982357
   0.24438915
   0.06702959
   0.00094817
   0.00000000
   0.00000000
   0.00000000
   0.00000000
   0.00000000
   0.01922207
   0.08247436
   0.19881613
   0.36370146
   0.49734960
   0.55081700
   0.57999268
   1.19021463
   0.94658604
   0.64909131
   0.48882238
   0.39131300
   0.34350193
   0.33854818
   0.34100823
   0.34626383
   0.34158053
   0.33484658
   0.33815772
   0.34072749
   0.32627224
   0.31095286
   0.29895162
   0.29996051
   0.31333456
   0.28400377
   0.24605846
   0.21440616
   0.19128673
   0.17710494
   0.17044850
   0.16695600
   0.16005185
   0.15572042
   0.15730536
   0.16160614
   0.16219944
   0.16141075
   0.16216053
   0.15734535
   0.15672414
   0.16528902
   0.14881953
   0.15110157
   0.15926241
   0.16953389
   0.17203821
   0.16737370
   0.16210789
   0.15871043
   0.15654734
   0.15062306
   0.14274606
   0.13799018
   0.13445389
   0.13022554
   0.12798506
   0.13266634
   0.14144210
   0.15204912
   0.15601643
   0.15543981
   0.15367389
   0.15107030
   0.14342270
   0.13550663
   0.13299924
   0.12648889
   0.11880093
   0.11162738
   0.10979999
   0.11541440
   0.11647311
   0.11532329
   0.11201329
   0.10341718
   0.09318052
   0.08478091
   0.07949304
   0.07855567
   0.08319379
   0.08997722
   0.09359545
   0.09233260
   0.09385163
   0.09349016
   0.08957765
   0.08019239
   0.06227027
   0.04826039
   0.03811877
   0.03078068
   0.02489263
   0.02085000
   0.01860928
   0.01777899
   0.01755646
   0.01848354
   0.02055484
   0.02343069
   0.02670644
   0.03033869
   0.03411069
   0.03782869
   0.04052228
   0.04173947
   0.04268362
   0.04515263
   0.04908459
   0.05260957
   0.05440265
   0.05517622
   0.05509474
   0.05381870
   1.34327280
   1.13499214
   0.71768242
   0.48263019
   0.28153951
   0.17751033
   0.12529365
   0.09795249
   0.08345741
   0.07280772
   0.06511626
   0.05886652
   0.05263119
   0.04746356
   0.04511443
   0.04350021
   0.04145715
   0.03958258
   0.03789167
   0.03569980
   0.03231699
   0.02848475
   0.02502181
   0.02174194
   0.01773655
   0.01356836
   0.00994365
   0.00690538
   0.00399275
   0.00052132
   0.00000000
   0.00000000
   0.00000000
   0.00000000
   0.00000000
   0.00000000
   0.00000000
   0.00000000
   0.00000000
   0.00000000
   0.00000000
   0.00000000
   0.00000000
   0.00000000
   0.00000000
   0.00000000
   0.00000000
   0.00000000
   0.00000000
   0.00000000
   0.00000000
   0.00000000
   0.00000000
   0.00000000
   0.00000000
   0.00000000
   0.00000000
   0.00000000
   0.00000000
   0.00000000
   0.00000000
   0.00000000
   0.00000000
   0.00000000
   0.00000000
   0.00000000
   0.00000000
   0.00000000
   0.00000000
   0.00000000
   0.00000000
   0.00000000
   0.00000000
   0.00000000
   0.00000000
   0.00000000
   0.00000000
   0.00000000
   0.00000000
   0.00000000
   0.29088276
   2.45024599
   0.61609843
   0.00000000
   0.00000000
   0.00000000
   0.00000000
   0.00000000
   0.00000000
   0.00000000
   0.00413166
   0.00000000
   0.00000000
   0.00000000
   0.00000000
   0.00000000
   0.00000000
   0.00000000
   0.00000000
   0.00000000
   0.00000000
   0.00000000
   0.00000000
   0.00000000
   0.00000000
   0.00000000
   0.00000000
   0.00000000
   0.00000000
   0.00000000
   0.00000000
   0.00000000
   0.00000000
   0.00000000
   0.00000000
   0.00000000
   0.00000000
   0.00000000
   0.00000000
   0.00000000
   0.00000000
   0.00000000
   0.00000000
   0.00000000
   0.00000000
   0.00000000
   0.00000000
   0.00000000
   0.00000000
   0.00000000
   0.00000000
   0.00000000
   0.00000000
   0.00000000
   0.00000000
   0.00000000
   0.00000000
   0.00000000
   0.00000000
   0.00000000
   0.00000000
   0.00000000
   0.00000000
   0.00000000
   0.00000000
   0.00000000
   0.00000000
   0.00000000
   0.00000000
   0.00000000
   0.00000000
   0.00000000
   0.00000000
   0.00000000
   0.00000000
   0.00000000
   0.00000000
   0.00000000
   0.00000000
   1.29775358
   3.30484589
   1.30047547
   1.67868501
   0.30521354
   0.03028234
   0.00000000
   0.00000000
   0.00000000
   0.00000000
   0.00000000
   0.00000000
   0.00000000
   0.00000000
   0.00000000
   0.00000000
   0.00000000
   0.00000000
   0.00000000
   0.00000000
   0.00000000
   0.00000000
   0.00926947
   0.58272213
   1.54343765
   1.64521878
   1.54306231
   1.74772704
   1.05834523
   0.84195040
   0.76524016
   0.60520370
   0.53303990
   0.54770763
   0.62020971
   0.69035526
   0.70956516
   0.62816028
   0.45114156
   0.34549859
   0.24580426
