   0.00000000
   0.00000000
  -1.71690215
  -4.26429829
  -0.09319204
   0.00000000
  -0.48220078
  -5.29218233
  -4.84438018
  -3.46168987
  -1.26533714
  -0.45937326
  -0.03430339
  -0.95215756
  -2.70326835
  -3.91079877
  -3.87561970
  -3.45422693
  -2.74185720
  -1.46744288
  -0.75027597
  -0.74014340
  -1.50742503
  -3.14472261
  -3.07414018
  -2.90328092
  -2.04475077
  -1.32708784
  -1.20956264
  -1.71184539
  -2.67213342
  -2.99198147
  -3.01745996
  -3.34181581
  -3.31390239
  -3.09190496
  -3.43312058
  -3.32495974
  -3.32771365
  -2.39206732
  -2.99587474
  -3.48878687
  -3.68425956
  -3.86456486
  -4.23479434
  -4.57423216
  -4.67112119
  -4.31342982
  -4.23084448
  -4.19641804
  -3.28816887
  -3.50270968
  -2.77603773
  -3.15355224
  -2.97726501
  -3.42542933
  -3.12387139
  -3.59496084
  -3.78206241
  -3.50926097
  -3.53221672
  -3.78365762
  -3.89527132
  -4.03940079
  -4.18740904
  -4.06268351
  -3.90220123
  -3.98920579
  -4.04281533
  -4.00512917
  -3.88210573
  -3.93961833
  -4.07414045
  -4.01139744
  -4.08354835
  -3.41340343
  -3.79075323
  -3.43446704
  -4.14692241
  -2.77106666
  -2.55005236
  -2.97360283
  -2.06790028
  -1.96388008
  -1.98830671
  -2.31977855
  -2.62752712
  -2.47714323
  -3.01010510
  -3.12214312
  -3.50977091
  -3.18062457
  -3.54386375
  -3.39893213
  -3.22424485
  -3.44590731
  -2.90254474
  -3.16752159
  -2.73308595
  -2.78381226
  -3.10033776
  -2.81403841
  -3.21039201
  -2.81334658
  -3.25812224
  -2.84096237
  -3.25902410
  -2.77479425
  -3.22734945
  -2.74424309
  -3.05235618
  -2.76035354
  -2.47027845
  -2.88215916
  -2.50920612
  -2.40160635
  -2.86127799
  -2.49469389
  -2.46662256
  -2.88396572
  -2.46372990
  -2.65513711
  -2.86608567
  -2.52937265
  -2.99493137
  -2.66762667
  -2.69947659
  -3.03387738
  -2.65073181
  -3.13446888
  -2.73439806
  -3.09076523
  -2.83566856
  -2.91912476
  -2.95948310
  -2.65574835
  -3.09189975
  -2.58038377
  -2.88645094
  -2.74486842
  -2.47623940
  -2.95585234
  -2.54704387
  -2.51273543
  -2.95689474
  -2.53932603
  -2.80702659
  -2.79156531
  -2.53757690
  -3.00442181
  -2.55780260
  -2.64149158
  -2.89717893
  -2.47127561
  -2.87577563
  -2.62135497
  -2.42267100
  -2.89209552
  -2.53815145
  -2.45398867
  -2.90932943
  -2.46584133
  -2.52067086
  -2.89233554
  -2.39478868
  -2.44879773
  -2.82667521
  -2.39778300
  -2.49503960
  -2.82613544
  -2.40597453
  -2.65285202
  -2.70349236
  -2.38165881
  -2.80191877
  -2.83185548
  -2.54521951
  -2.65851444
  -2.57788685
  -2.17112611
  -2.08272737
  -2.39678978
  -2.34999607
  -2.09308002
  -2.09290084
  -2.54080658
  -2.29256812
  -2.15766822
  -2.30634404
  -2.67063139
  -2.27818053
  -2.30596377
  -2.77360260
  -2.37301243
  -2.34488162
  -2.80984897
  -2.43645162
  -2.38147079
  -2.85020116
  -2.43306831
  -2.39875168
  -2.84508589
  -2.40127649
  -2.38461510
  -2.82977736
  -2.38474691
  -2.35583061
  -2.81032664
  -2.35436604
  -2.28758581
  -2.76546489
  -2.36142566
  -2.23412529
  -2.65322381
  -2.42379219
  -2.21106842
  -2.34260382
  -2.64935380
  -2.22440103
  -2.19750507
  -2.66328687
  -2.28206522
  -2.14391580
  -2.36636826
  -2.53070498
  -2.15133862
  -2.10595596
  -2.56614279
  -2.27607570
  -2.08266756
  -2.09511539
  -2.58403176
  -2.22475478
  -2.26773080
  -2.43988294
  -2.98664361
  -2.50813136
  -2.20263477
  -1.99803860
  -1.94906183
  -2.08666310
  -1.78758872
  -1.65624442
  -1.62286910
  -1.66112720
  -1.73473380
  -2.19067051
  -1.79259092
  -1.64989953
  -1.62753493
  -1.66153178
  -2.10146988
  -2.48122300
  -2.36337245
  -1.96922670
  -1.81416209
  -1.71140803
  -1.88655359
  -1.58142752
  -1.62673172
  -1.71842770
  -1.76110248
  -1.80162029
  -1.93219681
  -2.35914255
  -2.18294703
  -2.88411534
  -1.73827174
  -1.02103262
  -1.00257089
  -0.94024842
   0.00000000
  -2.13638711
  -2.99930364
  -1.51821854
  -1.65153030
  -0.73913343
  -0.46970843
  -0.49004860
  -0.08821301
  -0.00291052
   0.00000000
   0.00000000
  -1.39340574
  -1.49777115
  -1.26399146
  -0.80639977
  -0.02319695
   0.00000000
  -0.26595120
  -0.53162176
  -0.00793210
  -3.04453303
  -0.26090855
  -0.41272120
  -0.51904800
  -0.27047231
  -0.19381894
  -1.18539851
  -0.91181889
  -0.69062319
  -0.59584721
  -0.40010987
  -0.30908188
  -0.24264184
  -0.29042875
  -0.12584647
  -0.09677415
  -0.08009739
  -0.03613576
  -0.26305086
  -0.49254255
  -0.51143847
  -0.42343441
  -0.46058619
  -0.54026283
  -0.48574693
  -0.41599306
  -0.30390496
  -0.30224444
  -0.38597873
  -0.11703905
  -0.25697805
  -0.86425068
  -0.62162868
  -0.40173775
  -0.15701104
  -0.43360353
  -0.52937711
  -0.68649499
  -0.80080171
  -0.86477724
  -1.04626717
  -0.98572240
  -0.66999053
  -0.57497145
  -0.51203344
  -0.56959520
  -0.45605364
  -0.19977182
  -0.08528558
  -0.00146571
  -0.26658692
  -0.51584070
  -0.23570256
  -0.00027598
  -0.00411977
  -0.05844614
  -0.11827766
  -0.14197946
  -0.02704014
   0.00000000
  -0.02676276
  -0.24665252
  -0.01028581
  -0.15440772
  -0.04574537
  -0.19577681
  -0.02513946
   0.00000000
   0.00000000
   0.00000000
   0.00000000
   0.00000000
   0.00000000
   0.00000000
   0.00000000
   0.00000000
   0.00000000
   0.00000000
   0.00000000
   0.00000000
   0.00000000
   0.00000000
   0.00000000
   0.00000000
   0.00000000
   0.00000000
   0.00000000
   0.00000000
   0.00000000
   0.00000000
   0.00000000
  -0.06675974
  -0.04394914
   0.00000000
   0.00000000
   0.00000000
   0.00000000
   0.00000000
   0.00000000
   0.00000000
  -0.59138548
  -2.27207868
  -3.24531664
  -2.89948257
  -3.24459487
  -2.70637907
  -3.00444549
