    0.000
    0.000
    0.003
    0.004
    0.003
   -0.000
    0.001
    0.003
    0.005
    0.004
    0.003
    0.002
    0.002
    0.002
    0.003
    0.005
    0.006
    0.007
    0.006
    0.006
    0.006
    0.005
    0.006
    0.007
    0.007
    0.008
    0.008
    0.007
    0.007
    0.007
    0.008
    0.009
    0.010
    0.011
    0.012
    0.012
    0.014
    0.015
    0.014
    0.014
    0.015
    0.017
    0.018
    0.019
    0.021
    0.024
    0.026
    0.028
    0.029
    0.030
    0.030
    0.030
    0.031
    0.032
    0.033
    0.034
    0.035
    0.036
    0.038
    0.039
    0.040
    0.042
    0.042
    0.044
    0.046
    0.047
    0.047
    0.049
    0.050
    0.052
    0.052
    0.054
    0.055
    0.055
    0.056
    0.056
    0.056
    0.057
    0.057
    0.058
    0.057
    0.055
    0.055
    0.056
    0.056
    0.057
    0.056
    0.057
    0.058
    0.059
    0.061
    0.062
    0.062
    0.062
    0.062
    0.062
    0.063
    0.061
    0.061
    0.062
    0.062
    0.063
    0.064
    0.065
    0.065
    0.065
    0.066
    0.067
    0.068
    0.067
    0.067
    0.067
    0.065
    0.065
    0.066
    0.067
    0.068
    0.066
    0.065
    0.066
    0.066
    0.067
    0.068
    0.069
    0.070
    0.071
    0.070
    0.070
    0.071
    0.072
    0.072
    0.072
    0.073
    0.074
    0.075
    0.074
    0.074
    0.073
    0.074
    0.073
    0.073
    0.074
    0.075
    0.075
    0.075
    0.075
    0.076
    0.076
    0.077
    0.074
    0.073
    0.073
    0.074
    0.075
    0.074
    0.074
    0.075
    0.076
    0.077
    0.075
    0.074
    0.075
    0.075
    0.076
    0.077
    0.077
    0.078
    0.077
    0.078
    0.077
    0.077
    0.078
    0.077
    0.077
    0.078
    0.078
    0.077
    0.077
    0.078
    0.077
    0.077
    0.077
    0.077
    0.076
    0.077
    0.078
    0.078
    0.079
    0.080
    0.079
    0.079
    0.080
    0.080
    0.081
    0.082
    0.082
    0.081
    0.082
    0.083
    0.083
    0.084
    0.083
    0.083
    0.081
    0.079
    0.079
    0.080
    0.080
    0.081
    0.082
    0.081
    0.081
    0.081
    0.082
    0.083
    0.083
    0.084
    0.082
    0.081
    0.080
    0.080
    0.079
    0.078
    0.078
    0.078
    0.079
    0.078
    0.075
    0.073
    0.073
    0.073
    0.074
    0.074
    0.075
    0.075
    0.076
    0.075
    0.074
    0.075
    0.075
    0.075
    0.073
    0.071
    0.070
    0.067
    0.065
    0.066
    0.063
    0.061
    0.061
    0.061
    0.061
    0.062
    0.062
    0.061
    0.060
    0.061
    0.061
    0.061
    0.062
    0.062
    0.062
    0.061
    0.061
    0.061
    0.061
    0.061
    0.061
    0.062
    0.062
    0.064
    0.085
    0.103
    0.117
    0.128
    0.142
    0.153
    0.162
    0.165
    0.163
    0.163
    0.163
    0.164
    0.178
    0.190
    0.202
    0.211
    0.211
    0.213
    0.221
    0.228
    0.234
    0.231
    0.231
    0.229
    0.227
    0.227
    0.225
    0.223
    0.221
    0.220
    0.218
    0.219
    0.219
    0.218
    0.217
    0.216
    0.215
    0.214
    0.212
    0.210
    0.207
    0.205
    0.203
    0.201
    0.199
    0.198
    0.196
    0.194
    0.193
    0.192
    0.190
    0.190
    0.188
    0.187
    0.186
    0.186
    0.184
    0.183
    0.182
    0.180
    0.178
    0.174
    0.172
    0.170
    0.168
    0.166
    0.164
    0.162
    0.161
    0.160
    0.160
    0.157
    0.156
    0.151
    0.150
    0.147
    0.145
    0.143
    0.140
    0.139
    0.138
    0.137
    0.135
    0.133
    0.133
    0.133
    0.131
    0.131
    0.131
    0.131
    0.131
    0.131
    0.127
    0.116
    0.125
    0.126
    0.126
    0.126
    0.126
    0.126
    0.124
    0.124
    0.122
    0.122
    0.122
    0.122
    0.122
    0.122
    0.122
    0.122
    0.123
    0.123
    0.124
    0.125
    0.123
    0.122
    0.122
    0.116
    0.116
    0.116
    0.117
    0.118
    0.118
    0.115
    0.103
    0.103
    0.099
    0.098
