   0.00000000
   0.00000000
   0.76652055
   2.75875722
   0.07488187
   0.00000000
   0.49446132
   3.54761884
   3.19951801
   2.71635001
   1.06143244
   0.39612463
   0.11606852
   0.75825666
   2.55246762
   2.93034828
   2.91606884
   2.71609123
   2.17839505
   1.26459321
   0.65482107
   0.69973490
   1.30264233
   2.67847073
   2.51668506
   2.28397268
   1.59614409
   1.60086564
   1.28724217
   1.48016308
   2.03912744
   2.44458910
   2.41727684
   2.64486507
   2.68001866
   2.41473168
   2.66669742
   2.76434133
   2.35695590
   2.20008465
   2.28695821
   2.81034403
   2.76012688
   2.87177056
   3.02273268
   3.10418263
   3.27294902
   3.04728543
   2.99706986
   2.89743511
   2.46175618
   2.65782826
   2.14814365
   2.52374268
   2.34723150
   2.63202659
   2.59890755
   2.55300204
   2.80075466
   2.80240540
   2.71080987
   2.63504684
   2.85335387
   2.95364810
   3.00007726
   2.93539220
   2.82481148
   2.86874781
   2.90714406
   2.90124790
   2.90274706
   2.92486703
   2.93194322
   2.90881051
   2.81179014
   2.50490920
   2.73306905
   2.38049286
   2.56366836
   2.10212175
   2.06211308
   2.02928312
   1.75855052
   1.68534101
   1.71214164
   2.13223421
   2.05754104
   2.05990083
   2.53138184
   2.61821776
   2.54884436
   2.68645249
   2.72756863
   2.54884178
   2.57537148
   2.66524244
   2.28889869
   2.50144660
   2.12032962
   2.49552521
   2.21886076
   2.56221282
   2.28029601
   2.55835277
   2.38097187
   2.47916383
   2.50836299
   2.29938975
   2.52430655
   2.20711373
   2.45418324
   2.12832717
   2.18353577
   2.24188749
   1.97851320
   2.32977901
   2.07195990
   2.15714531
   2.26854794
   2.03349924
   2.39863979
   2.08911367
   2.40683612
   2.18069510
   2.39043265
   2.24726001
   2.38769289
   2.29930355
   2.41496979
   2.32247502
   2.48035467
   2.29857198
   2.52966664
   2.23558502
   2.51530101
   2.17151059
   2.46782875
   2.14889450
   2.38150064
   2.17482401
   2.18604677
   2.31154516
   2.05731564
   2.41401644
   2.09294633
   2.41690818
   2.16643902
   2.38437409
   2.21185691
   2.30944869
   2.26417165
   2.14735548
   2.38831400
   2.07645280
   2.41038492
   2.05929271
   2.34310225
   2.15150537
   2.11841041
   2.36637665
   2.05230314
   2.39159819
   2.04522527
   2.29729991
   2.13248666
   2.03295082
   2.36310241
   2.02720904
   2.32712579
   2.13332944
   2.13377022
   2.32413568
   2.03912813
   2.38179124
   2.03717249
   2.26124103
   2.16301101
   1.94988701
   2.21939910
   1.96867033
   1.79696712
   1.98778299
   2.05252219
   1.80792347
   1.88645277
   2.17760770
   1.87777249
   2.00426950
   2.21434051
   1.93828444
   2.24242783
   2.10526674
   2.01158727
   2.35326101
   2.01991371
   2.30841753
   2.14882094
   2.09770418
   2.35994176
   2.03486214
   2.37889063
   2.05411468
   2.25154389
   2.18005058
   2.02071568
   2.35549908
   2.00575025
   2.24279361
   2.12034215
   1.96286955
   2.31088780
   1.98886363
   2.02471708
   2.24399985
   1.92100616
   2.18283385
   2.07128313
   1.89555308
   2.23638994
   1.99088567
   1.89069230
   2.24069932
   1.93633419
   1.88204835
   2.21708582
   1.90016882
   1.85461721
   2.19569786
   1.88567594
   1.82388525
   2.17473158
   1.89010769
   1.79412494
   2.12901946
   1.93803274
   1.83683954
   2.10097762
   1.99533217
   1.77484878
   1.65513410
   1.62910543
   1.94101084
   1.66874247
   1.53837519
   1.52580098
   1.73995281
   1.82716035
   1.58088573
   1.52072397
   1.56363093
   1.92820378
   1.62543153
   1.54497235
   1.55982946
   1.93230496
   1.75914049
   1.59405974
   1.51939910
   1.49558574
   1.82004152
   1.64829466
   1.48740752
   1.40520541
   1.35897056
   1.32415540
   1.66931534
   1.50535128
   1.30144796
   1.17447291
   1.10154020
   1.07223505
   1.03814158
   0.26065723
   0.00000000
   1.48750741
   2.38206011
   2.00589522
   1.48466526
   0.33825254
   0.16212573
   0.12682135
   0.13604310
   0.16103483
   0.18998414
   0.31063150
   1.75381658
   1.41978545
   0.25371900
   0.10614590
   0.06568392
   0.06268148
   1.71130635
   2.50492792
   0.34423121
   1.52735348
   1.73190257
   0.56866284
   1.10994792
   2.83048020
   1.20838095
   0.93840443
   0.78588465
   0.49459669
   0.38052982
   0.17194664
   0.22752300
   0.30074088
   0.85626592
   0.59274192
   0.06781384
   0.00000000
   0.00062799
   0.13620015
   0.21193884
   0.18202417
   0.26524159
   0.25239206
   0.22036865
   0.16723611
   0.15487502
   0.26407023
   0.24973503
   0.62394660
   0.23196301
   0.46404259
   0.73492926
   0.19717150
   0.72863063
   0.88938294
   0.81173570
   1.14328944
   1.18814594
   1.41577432
   1.17636049
   0.65928936
   0.53780847
   0.45783582
   0.40345184
   0.26265304
   0.11990276
   0.03951832
   0.00000000
   0.50545369
   0.61920310
   0.20731133
   0.00000000
   0.00823031
   0.17189918
   0.41355680
   0.46077611
   0.16641415
   0.00477068
   0.20607560
   0.47656811
   0.08674307
   0.37099542
   0.27216032
   0.17366686
   0.00000000
   0.00000000
   0.00000000
   0.00000000
   0.00000000
   0.00000000
   0.00000000
   0.00000000
   0.00000000
   0.00000000
   0.00000000
   0.00000000
   0.00000000
   0.00000000
   0.00000000
   0.00000000
   0.00000000
   0.00772852
   0.01581939
   0.00003516
   0.00000000
   0.00000000
   0.00000000
   0.00000000
   0.00000000
   0.00000000
   0.00000000
   0.00000000
   0.00000000
   0.00000000
   0.00000000
   0.00000000
   0.00000000
   0.00000000
   0.00000000
   0.00000000
   0.00000000
   0.00000000
   0.00000000
   0.09349026
   1.62182040
