   0.00000000
   0.00000000
  -1.71797557
  -4.26715297
  -0.08598061
   0.00000000
  -1.13909249
  -6.33714254
  -5.37580162
  -3.66950484
  -1.25358791
  -0.44776910
  -0.15347768
  -1.21082337
  -3.65797304
  -4.34938114
  -4.22354506
  -3.84872817
  -2.79105479
  -1.50621958
  -0.75962563
  -1.16418548
  -1.71873789
  -3.53821923
  -3.47962856
  -3.00820180
  -1.96403496
  -1.89424370
  -1.57640398
  -1.87198685
  -2.67511021
  -3.33021045
  -3.35269102
  -3.62993532
  -3.66627713
  -3.28304274
  -3.63066379
  -3.87710491
  -3.23872919
  -3.01716190
  -3.01756526
  -4.00896430
  -3.89344510
  -4.14699901
  -4.54370518
  -4.82633031
  -5.14749614
  -4.53609534
  -4.43428364
  -4.40460584
  -3.44927228
  -3.65568166
  -2.92440555
  -3.29308908
  -3.18003389
  -3.57897642
  -3.56922037
  -3.53571162
  -3.96475052
  -3.94006454
  -3.76680261
  -3.69321654
  -4.10505119
  -4.32175028
  -4.44785154
  -4.29120979
  -4.02860808
  -4.09778123
  -4.20543813
  -4.19612653
  -4.17579480
  -4.22943364
  -4.27702167
  -4.21484115
  -4.17254642
  -3.50274248
  -4.09293396
  -3.58656399
  -4.70857721
  -2.86323162
  -2.73402403
  -2.98978545
  -2.12957062
  -2.05496911
  -2.12649615
  -2.68884645
  -2.63338863
  -2.73600393
  -3.41126148
  -3.62466737
  -3.53900283
  -3.69624064
  -3.76572464
  -3.52406677
  -3.51411462
  -3.65595413
  -3.10600816
  -3.34357024
  -2.77652972
  -3.27090912
  -2.94852025
  -3.42226324
  -3.06216926
  -3.40988025
  -3.20639877
  -3.30881135
  -3.37914340
  -3.05050562
  -3.38347955
  -2.91794965
  -3.35861904
  -2.80117282
  -2.87598648
  -2.88170393
  -2.55086078
  -3.00866258
  -2.66672989
  -2.81994153
  -2.92424211
  -2.65000847
  -3.12208619
  -2.71910672
  -3.16361440
  -2.84875967
  -3.16556400
  -2.94015187
  -3.17336244
  -3.01906718
  -3.22072357
  -3.06544017
  -3.31812574
  -3.05046074
  -3.38210906
  -2.96178393
  -3.37725822
  -2.84999704
  -3.29566610
  -2.79956341
  -3.17696654
  -2.81776252
  -2.87141569
  -2.99715632
  -2.68227334
  -3.14565563
  -2.72795588
  -3.17739503
  -2.82879357
  -3.15171996
  -2.88088508
  -3.05942713
  -2.94078503
  -2.83585485
  -3.11370276
  -2.71064173
  -3.16159502
  -2.66667203
  -3.11245429
  -2.76351237
  -2.77098961
  -3.06321003
  -2.67874530
  -3.12206201
  -2.64090909
  -3.04455156
  -2.72918519
  -2.63950891
  -3.06446100
  -2.62015324
  -3.03727597
  -2.74953783
  -2.79735261
  -3.00769293
  -2.65394284
  -3.11099931
  -2.62797650
  -3.17979976
  -3.03429416
  -2.65907731
  -2.92300241
  -2.44906159
  -2.25934661
  -2.51744085
  -2.57164476
  -2.28179661
  -2.41486264
  -2.75608126
  -2.38269432
  -2.58923434
  -2.82216698
  -2.48661581
  -2.91176640
  -2.69140809
  -2.61559625
  -3.04879894
  -2.60597452
  -3.01950168
  -2.76557099
  -2.74568459
  -3.05670999
  -2.64732738
  -3.11284618
  -2.64451070
  -2.96102732
  -2.79695183
  -2.62368986
  -3.06266194
  -2.57807147
  -2.95351085
  -2.70738361
  -2.53112132
  -3.00370440
  -2.53324242
  -2.62557376
  -2.88074260
  -2.45265219
  -2.84651095
  -2.62173138
  -2.42567554
  -2.89995504
  -2.51365956
  -2.42292425
  -2.89676011
  -2.44212725
  -2.41598273
  -2.85347881
  -2.39047904
  -2.37086065
  -2.81894336
  -2.36566363
  -2.32196478
  -2.79098171
  -2.36490402
  -2.30405056
  -2.83958184
  -2.72694393
  -2.87921714
  -3.23307949
  -2.77627880
  -2.25625430
  -2.01852123
  -1.99922513
  -2.36704100
  -2.03293680
  -1.88727237
  -1.89084061
  -2.16462733
  -2.24360114
  -1.93846494
  -1.87875991
  -1.95025435
  -2.38110363
  -1.99063260
  -2.04370387
  -2.26078582
  -2.77857595
  -2.40674884
  -2.13209128
  -2.04235104
  -2.05484794
  -2.51328503
  -2.28032270
  -2.10404361
  -2.03004894
  -1.98955296
  -1.93923815
  -2.47679096
  -2.79179214
  -1.97543108
  -1.63433041
  -1.31834034
  -1.23315518
  -1.19836938
  -0.30176415
   0.00000000
  -1.80064262
  -2.73737254
  -2.18834606
  -1.57806716
  -0.35864510
  -0.17386609
  -0.13791367
  -0.14991347
  -0.17974595
  -0.21468924
  -0.35449974
  -1.97752202
  -1.55113421
  -0.27480771
  -0.11597631
  -0.07261942
  -0.07024847
  -1.88958398
  -2.63174514
  -0.35230538
  -1.54870624
  -1.75012143
  -0.59417034
  -1.15578437
  -3.03839038
  -1.63219892
  -1.42600208
  -1.19842612
  -0.77353167
  -0.57972661
  -0.25526379
  -0.26827165
  -0.28491714
  -0.71738745
  -0.48342699
  -0.05887957
   0.00000000
  -0.00043319
  -0.09382277
  -0.14584950
  -0.12540869
  -0.18286485
  -0.17444516
  -0.15289473
  -0.11659744
  -0.10845747
  -0.18546844
  -0.17612304
  -0.43729316
  -0.16147796
  -0.32125528
  -0.50245256
  -0.13417351
  -0.49070901
  -0.59210473
  -0.53378837
  -0.74111980
  -0.75475178
  -0.87612478
  -0.71032060
  -0.39231808
  -0.31201947
  -0.25880391
  -0.22386044
  -0.14325719
  -0.06299441
  -0.01999596
   0.00000000
  -0.26839589
  -0.33059407
  -0.11563041
   0.00000000
  -0.00570043
  -0.11924162
  -0.28570545
  -0.32543323
  -0.12103897
  -0.00347747
  -0.14091548
  -0.31072079
  -0.06118823
  -0.24125537
  -0.17729879
  -0.11619260
   0.00000000
   0.00000000
   0.00000000
   0.00000000
   0.00000000
   0.00000000
   0.00000000
   0.00000000
   0.00000000
   0.00000000
   0.00000000
   0.00000000
   0.00000000
   0.00000000
   0.00000000
   0.00000000
   0.00000000
  -0.01230998
  -0.02637911
  -0.00006132
   0.00000000
   0.00000000
   0.00000000
   0.00000000
   0.00000000
   0.00000000
   0.00000000
   0.00000000
   0.00000000
   0.00000000
   0.00000000
   0.00000000
   0.00000000
   0.00000000
   0.00000000
   0.00000000
   0.00000000
   0.00000000
   0.00000000
  -0.11058935
  -1.99780365
