   0.00000000
  -5.49135519
  -5.04881333
  -4.41873146
  -4.10661464
  -3.89941158
  -3.48122664
  -3.47496886
  -3.47688275
  -3.04075697
  -3.34406750
  -2.86066694
  -3.18799187
  -2.78498595
  -2.90733732
  -2.87102045
  -2.56308791
  -2.97932371
  -2.53943837
  -2.50702789
  -2.86644173
  -2.39773455
  -2.42448497
  -2.77810149
  -2.31731331
  -2.29602449
  -2.72002295
  -2.28929629
  -2.17758112
  -2.56148109
  -2.36377600
  -2.13068443
  -2.14035092
  -2.58100977
  -2.17934681
  -2.04389908
  -2.10133026
  -2.52078800
  -2.09482354
  -1.97918310
  -2.02219033
  -2.46241349
  -2.06521664
  -1.92894863
  -1.92834339
  -2.33231198
  -2.11950101
  -1.90804290
  -1.85960315
  -1.92996444
  -2.36182321
  -1.95172989
  -1.82449570
  -1.81343263
  -1.96279315
  -2.26323778
  -1.87484340
  -1.76872857
  -1.76602261
  -1.87156071
  -2.25655476
  -1.84311250
  -1.72846176
  -1.71339335
  -1.77039035
  -2.21217354
  -1.86245737
  -1.71171597
  -1.66454346
  -1.69379221
  -1.93343529
  -2.04751122
  -1.74140633
  -1.63980723
  -1.62428162
  -1.67043769
  -2.02694505
  -1.89290991
  -1.67681306
  -1.59230985
  -1.58586889
  -1.63364338
  -1.97423458
  -1.87165833
  -1.64769894
  -1.55818507
  -1.54383938
  -1.58508673
  -1.74418031
  -2.00747540
  -1.65481306
  -1.54239278
  -1.50429274
  -1.52683092
  -1.57513569
  -1.98727101
  -1.73497067
  -1.56253463
  -1.48335268
  -1.47047670
  -1.50757950
  -1.54990748
  -2.01733465
  -1.64886618
  -1.51011806
  -1.44370574
  -1.43830245
  -1.47703617
  -1.51634860
  -1.98175464
  -1.62831215
  -1.48602292
  -1.41494939
  -1.40297673
  -1.43615336
  -1.47635748
  -1.85745590
  -1.68723040
  -1.49223117
  -1.40142093
  -1.36976257
  -1.38725060
  -1.42802543
  -1.45866214
  -1.96571190
  -1.54325333
  -1.41809904
  -1.35262148
  -1.34041644
  -1.36944463
  -1.40749778
  -1.57234256
  -1.83391276
  -1.48786614
  -1.37628753
  -1.31941620
  -1.31229399
  -1.34231602
  -1.37850390
  -1.47958259
  -1.86462734
  -1.45655820
  -1.33714972
  -1.27014936
  -1.26318276
  -1.29472846
  -1.33735906
  -1.36746227
  -1.84223976
  -1.51291242
  -1.35511289
  -1.26316539
  -1.23400568
  -1.24890325
  -1.28869257
  -1.32471045
  -1.44235638
  -1.80922847
  -1.40523873
  -1.30190203
  -1.23262542
  -1.21690495
  -1.23778861
  -1.27414770
  -1.30446656
  -1.53818607
  -1.68447446
  -1.34195092
  -1.24758557
  -1.19298743
  -1.18299511
  -1.20703589
  -1.24455452
  -1.27576544
  -1.35461112
  -1.80239320
  -1.34731769
  -1.22995745
  -1.17679566
  -1.15607069
  -1.17183321
  -1.20700748
  -1.24013300
  -1.26384588
  -1.72870300
  -1.44125842
  -1.22901327
  -1.17480073
  -1.13538379
  -1.13386619
  -1.16102787
  -1.19603626
  -1.22514648
  -1.24523252
  -1.80579400
  -1.32375129
  -1.17111802
  -1.14388019
  -1.11089472
  -1.11503772
  -1.14342149
  -1.17644021
  -1.20366400
  -1.22279624
  -1.79401694
  -1.29729470
  -1.14354503
  -1.12717470
  -1.09343598
  -1.09346616
  -1.11799673
  -1.14922314
  -1.17654080
  -1.19667861
  -1.69429117
  -1.36760629
  -1.13816775
  -1.11280289
  -1.08623489
  -1.07217008
  -1.08734859
  -1.11532425
  -1.14347291
  -1.16615052
  -1.27455985
  -1.71355266
  -1.20419785
  -1.08360451
  -1.09581835
  -1.06172318
  -1.05776897
  -1.07659545
  -1.10354019
  -1.12918878
  -1.14955271
  -1.41861828
  -1.56217149
  -1.14241256
  -1.05509825
  -1.08278729
  -1.04746032
  -1.04308898
  -1.05980701
  -1.08451548
  -1.10872029
  -1.12849044
  -1.29369743
  -1.64442668
  -1.14357339
  -1.02058812
  -1.07456769
  -1.04268111
  -1.02924955
  -1.03910350
  -1.06004654
  -1.08309806
  -1.10329106
  -1.11913152
  -1.68827170
  -1.24999112
  -1.02080486
  -1.02980090
  -1.05054891
  -1.01775213
  -1.01554085
  -1.03018820
  -1.05161504
  -1.07283865
  -1.09077620
  -1.16580891
  -1.70523035
  -1.12674329
  -0.98063698
  -1.03280475
  -1.02553036
  -0.99959622
  -1.00030175
  -1.01563055
  -1.03633256
  -1.05656208
  -1.07356971
  -1.17151438
  -1.67883975
  -1.10529418
  -0.96388222
  -1.01038682
  -1.01504184
  -0.98494957
  -0.98267003
  -0.99585554
  -1.01538250
  -1.03523423
  -1.05242257
  -1.06620602
  -1.68460197
  -1.18031625
  -0.97292191
  -0.95733549
  -1.01698211
  -0.97710583
  -0.96504233
  -0.97230688
  -0.98927268
  -1.00888959
  -1.02698829
  -1.04206183
  -1.30658240
  -1.52242778
  -1.04027565
  -0.92788249
  -0.97487200
  -0.98970964
  -0.95509594
  -0.94954146
  -0.95983709
  -0.97745228
  -0.99634787
  -1.01340561
  -1.02746108
  -1.41173956
  -1.40880088
  -1.00370141
  -0.90896791
  -0.96305878
  -0.97425104
  -0.93986548
  -0.93389675
  -0.94345395
  -0.96030910
  -0.97867639
  -0.99544692
  -1.00943722
  -1.23944253
  -1.54395571
  -1.02278877
  -0.90620427
  -0.91955462
  -0.97343609
  -0.93116029
  -0.91817537
  -0.92347074
  -0.93820546
  -0.95608651
  -0.97319805
  -0.98794265
  -1.00002843
  -1.61986500
  -1.17285333
  -0.93379370
  -0.87360617
  -0.94941899
  -0.93957580
  -0.90821344
  -0.90334940
  -0.91277163
  -0.92877943
  -0.94621151
  -0.96225694
  -0.97583441
  -0.98701292
  -1.70019756
  -1.07074744
  -0.90230283
  -0.85975637
  -0.94453107
  -0.92071585
  -0.89221800
  -0.88866750
  -0.89843790
  -0.91422788
  -0.93122604
  -0.94687107
  -0.96013966
  -0.97114216
  -1.66477290
  -1.09479087
  -0.89874973
  -0.84469107
  -0.91514554
  -0.91859777
  -0.88168089
  -0.87363250
  -0.88067390
  -0.89503989
  -0.91162659
  -0.92737463
  -0.94108258
  -0.95251193
  -1.42793932
  -1.31225114
  -0.93184959
  -0.84837846
  -0.84896123
  -0.92656190
  -0.88220561
  -0.86118141
  -0.86107355
  -0.87184475
  -0.88731053
