   0.00000000
   3.08034120
   3.21208469
   2.98961815
   2.87409670
   2.78493730
   2.52109062
   2.56223344
   2.57051221
   2.27831120
   2.51164943
   2.16948519
   2.41684535
   2.13825658
   2.21506740
   2.22382576
   1.97325553
   2.30464754
   1.98425177
   1.93916040
   2.24236562
   1.88501047
   1.88644708
   2.18653856
   1.83483440
   1.79918869
   2.14200102
   1.82641856
   1.72229063
   2.01065313
   1.89428955
   1.70408867
   1.69385729
   2.04347587
   1.75814958
   1.63951423
   1.66660968
   2.00726732
   1.69748035
   1.59483232
   1.61127238
   1.96050671
   1.68083161
   1.56349058
   1.54799113
   1.85021719
   1.72620636
   1.55620344
   1.50660407
   1.54415757
   1.89267428
   1.59991786
   1.49078173
   1.47041600
   1.56930279
   1.82754969
   1.54141944
   1.44912877
   1.43611782
   1.50095516
   1.82188603
   1.51987380
   1.42136747
   1.40014468
   1.42863651
   1.77498151
   1.53887343
   1.41338761
   1.36817316
   1.37993038
   1.54948023
   1.67185471
   1.44320816
   1.35562411
   1.33566908
   1.35894151
   1.62422413
   1.56122841
   1.39253091
   1.31882355
   1.30651080
   1.33146537
   1.58418064
   1.54474009
   1.37143528
   1.29399092
   1.27619191
   1.29821286
   1.40770359
   1.63839347
   1.38052805
   1.28483216
   1.24879410
   1.25912480
   1.28416383
   1.60045679
   1.44390434
   1.30545470
   1.23673631
   1.22105991
   1.24177039
   1.26220880
   1.63244526
   1.37888575
   1.26362186
   1.20543056
   1.19599794
   1.21821265
   1.23731145
   1.60378238
   1.36318144
   1.24569568
   1.18388967
   1.16969754
   1.18887002
   1.21009005
   1.49933715
   1.40537524
   1.25328771
   1.17546200
   1.14584864
   1.15450171
   1.17814936
   1.19201974
   1.59846691
   1.29735381
   1.19235232
   1.13538712
   1.12162830
   1.13883192
   1.16033943
   1.27901068
   1.50489887
   1.25332628
   1.15866449
   1.10888359
   1.09941388
   1.11763400
   1.13831867
   1.20885085
   1.52478588
   1.22882149
   1.12733688
   1.06948158
   1.06062266
   1.08133288
   1.10814524
   1.12389958
   1.49233543
   1.27208004
   1.14416885
   1.06561412
   1.03894512
   1.04757018
   1.07385068
   1.09537051
   1.17968927
   1.48134308
   1.18763720
   1.09999062
   1.04051805
   1.02491645
   1.03800537
   1.06139554
   1.07885272
   1.25283025
   1.39174063
   1.13608838
   1.05509291
   1.00817366
   0.99747945
   1.01339696
   1.03819712
   1.05693457
   1.11259438
   1.47357525
   1.14128174
   1.04142016
   0.99574028
   0.97655944
   0.98646524
   1.01027928
   1.03127800
   1.04433917
   1.40222278
   1.21384344
   1.04242664
   0.99508069
   0.96104452
   0.95758884
   0.97620971
   0.99970669
   1.01774117
   1.02835665
   1.47008674
   1.12258744
   0.99397106
   0.96958314
   0.94092765
   0.94211202
   0.96169721
   0.98386545
   1.00079552
   1.01107099
   1.46106699
   1.10120250
   0.97150607
   0.95618088
   0.92708987
   0.92508492
   0.94192405
   0.96312795
   0.98059219
   0.99208078
   1.37587174
   1.15491033
   0.96821613
   0.94498879
   0.92203622
   0.90881929
   0.91867471
   0.93791679
   0.95660807
   0.97055842
   1.05062581
   1.40462394
   1.02540627
   0.92199371
   0.93083366
   0.90166247
   0.89658240
   0.90924681
   0.92769884
   0.94456954
   0.95694148
   1.16043513
   1.29435498
   0.97400344
   0.89820476
   0.92023566
   0.89008339
   0.88468822
   0.89577856
   0.91268007
   0.92868924
   0.94088479
   1.06485116
   1.35260764
   0.97572771
   0.86976240
   0.91379697
   0.88664212
   0.87402416
   0.87985440
   0.89409133
   0.90954888
   0.92241684
   0.93166155
   1.37306146
   1.06121276
   0.87122405
   0.87710031
   0.89381758
   0.86565003
   0.86204875
   0.87167429
   0.88627480
   0.90035703
   0.91157998
   0.96695006
   1.39479679
   0.96244791
   0.83719215
   0.87972934
   0.87318278
   0.85061086
   0.84942085
   0.85966593
   0.87382651
   0.88727672
   0.89796168
   0.97115669
   1.37456554
   0.94490480
   0.82348637
   0.86133318
   0.86473245
   0.83886136
   0.83538918
   0.84409966
   0.85754291
   0.87093116
   0.88198211
   0.89021647
   1.37060225
   1.00494302
   0.83208851
   0.81747092
   0.86672727
   0.83300984
   0.82175999
   0.82596010
   0.83765859
   0.85115208
   0.86319653
   0.87268072
   1.07397352
   1.25844356
   0.89101859
   0.79370259
   0.83218008
   0.84409403
   0.81464204
   0.80870294
   0.81538529
   0.82765721
   0.84067315
   0.85200506
   0.86083321
   1.15462469
   1.17413886
   0.86017188
   0.77793600
   0.82250710
   0.83139778
   0.80218078
   0.79598272
   0.80218400
   0.81398973
   0.82674433
   0.83801468
   0.84695549
   1.02215355
   1.27211976
   0.87704313
   0.77620794
   0.78641652
   0.83095930
   0.79536535
   0.78357013
   0.78649839
   0.79681668
   0.80939485
   0.82114815
   0.83086702
   0.83840251
   1.31745874
   0.99621785
   0.80080808
   0.74836002
   0.81140189
   0.80277674
   0.77611310
   0.77097066
   0.77725199
   0.78861219
   0.80088335
   0.81186228
   0.82076200
   0.82769960
   1.38375762
   0.91606500
   0.77403537
   0.73678201
   0.80741225
   0.78716543
   0.76288225
   0.75887663
   0.76552021
   0.77680275
   0.78883992
   0.79961796
   0.80840061
   0.81532432
   1.35386538
   0.93445492
   0.77153505
   0.72440240
   0.78308394
   0.78554702
   0.75440901
   0.74682834
   0.75139018
   0.76168516
   0.77355361
   0.78457930
   0.79385077
   0.80124974
   1.16644086
   1.09750590
   0.80091454
   0.72822558
   0.72788520
   0.79245792
   0.75521520
   0.73712304
   0.73603015
   0.74362436
   0.75481299
