   0.00000000
   0.00000000
  -1.71672368
  -4.26376011
  -0.09586687
   0.00000000
  -0.22624333
  -2.26549947
  -3.80633933
  -2.72691646
  -0.53882032
  -0.02779923
   0.00000000
  -0.48610638
  -2.02012795
  -2.79135020
  -3.34258540
  -2.97920736
  -2.18978625
  -1.03820281
  -0.35994547
  -0.18137453
  -1.38403784
  -2.35092857
  -2.90756696
  -2.16145762
  -1.38127953
  -0.85201089
  -0.81232835
  -1.72764664
  -2.55541411
  -2.37912482
  -2.37628738
  -2.80073652
  -2.63862231
  -2.50358285
  -2.96790665
  -2.72397680
  -2.69622329
  -2.28585134
  -2.30159118
  -2.99351203
  -2.97197339
  -3.18801904
  -3.48916666
  -3.99835904
  -4.10115399
  -3.81141891
  -3.51538276
  -3.57057394
  -2.88544723
  -3.07482588
  -2.38525569
  -2.48719778
  -2.95724225
  -2.58397469
  -3.04965831
  -2.85699032
  -3.33289353
  -2.97815513
  -3.26717968
  -3.04724980
  -3.60423900
  -3.55164533
  -3.61296892
  -3.71159762
  -3.44291113
  -3.33866554
  -3.67781826
  -3.40363214
  -3.46682112
  -3.69401350
  -3.45235274
  -3.55761090
  -3.61342926
  -2.91223374
  -3.23313612
  -3.04536269
  -2.97607272
  -2.21527510
  -2.32257163
  -2.09500900
  -1.67913650
  -1.61283125
  -1.67330878
  -1.84028712
  -2.34413851
  -2.24120169
  -2.26690280
  -2.58509708
  -2.85891972
  -2.59743255
  -3.10148692
  -2.66140543
  -3.01541113
  -2.66038739
  -2.45043655
  -2.77457224
  -2.30333700
  -2.27260981
  -2.75782031
  -2.46183491
  -2.32464775
  -2.77966510
  -2.46880292
  -2.35535221
  -2.80844528
  -2.41814585
  -2.28588901
  -2.69905973
  -2.33766620
  -2.10285845
  -2.11740975
  -2.52594232
  -2.10546282
  -1.98682705
  -2.04098394
  -2.49439838
  -2.11477388
  -1.97908352
  -2.03468445
  -2.50058843
  -2.16616673
  -2.05516728
  -2.14053441
  -2.57506824
  -2.18767459
  -2.12608580
  -2.44761965
  -2.47985263
  -2.21900183
  -2.26705046
  -2.69649908
  -2.25569157
  -2.18356049
  -2.59700628
  -2.29612967
  -2.10062198
  -2.14709045
  -2.57035261
  -2.14492006
  -2.00967992
  -2.04786978
  -2.50610302
  -2.14223649
  -2.03983015
  -2.10425415
  -2.53890053
  -2.13777983
  -2.03510758
  -2.14594066
  -2.52245595
  -2.08052656
  -1.99249520
  -2.09411977
  -2.51084305
  -2.04109830
  -1.94730459
  -1.98673245
  -2.42153012
  -2.08886693
  -1.93826202
  -1.94990457
  -2.35409037
  -2.15091014
  -1.91914711
  -1.87916198
  -1.95917145
  -2.38730064
  -2.01172250
  -1.90052837
  -1.92035137
  -2.29073021
  -2.13325579
  -1.92902803
  -1.92405058
  -1.94090515
  -2.35102609
  -1.91863532
  -1.71349360
  -1.64770048
  -1.65733122
  -1.85138889
  -2.07331547
  -1.74208822
  -1.64556105
  -1.65500336
  -1.72069890
  -2.08349124
  -1.98931867
  -1.78769474
  -1.74980729
  -1.79763846
  -2.11405716
  -2.11274373
  -1.87017579
  -1.82720423
  -1.87591021
  -2.28598953
  -2.04464556
  -1.86730388
  -1.84089785
  -1.92679599
  -2.33991504
  -1.94191331
  -1.82828568
  -1.82564787
  -2.03192802
  -2.21407399
  -1.85754162
  -1.76676454
  -1.77713989
  -1.98138464
  -2.17758274
  -1.81707361
  -1.72001125
  -1.71657042
  -1.79715537
  -2.23631048
  -1.83285460
  -1.70155136
  -1.66386905
  -1.71429523
  -2.06988616
  -1.97365113
  -1.72851785
  -1.63345249
  -1.61674129
  -1.65212588
  -2.03696574
  -1.90117653
  -1.85242430
  -1.61898970
  -1.58442018
  -2.35605769
  -2.97792411
  -2.36524767
  -1.76037352
  -1.42343505
  -1.22931679
  -1.12765842
  -1.08054126
  -1.06460331
  -1.05863948
  -1.06503898
  -1.08028334
  -1.09993713
  -1.12073756
  -1.41288688
  -1.34177373
  -1.13298614
  -1.03752804
  -1.07973630
  -1.04704933
  -1.00332914
  -0.98251992
  -0.97831306
  -0.98402364
  -0.99374248
  -1.00267448
  -1.00722732
  -1.54400346
  -1.13760193
  -0.91881444
  -0.85229875
  -0.88969745
  -0.83298168
  -0.79009853
  -0.76489641
  -0.75041708
  -0.43306152
  -1.43965535
  -3.90753062
  -3.18021109
  -1.89369423
  -1.83476934
  -1.13077273
  -0.80220635
  -0.59983101
  -0.19516369
  -0.00455286
  -0.20308617
  -0.72723209
  -1.27477337
  -0.26792471
  -1.52845445
  -0.87934236
   0.00000000
   0.00000000
  -0.00342744
  -0.43827086
  -0.73483221
  -0.74084908
  -0.21583515
  -0.38769672
  -0.50652140
  -0.36794629
  -0.75588401
  -1.18448464
  -0.82632247
  -0.24419823
  -0.06586631
  -0.00858346
  -0.00426622
  -0.06947187
  -0.00277626
  -0.49358566
  -0.91658671
  -0.09941064
  -0.11067466
  -0.18609210
  -0.20800221
   0.00000000
  -0.19204849
  -0.32474070
  -0.40297920
  -0.32378859
  -0.22917409
  -0.14942302
  -0.11846156
  -0.14697653
  -0.14486129
  -0.33694659
  -0.49336861
  -0.34843296
  -0.17648092
   0.00000000
  -0.31900956
  -0.39143278
  -0.20217765
  -0.45131491
  -0.28142238
  -0.14969868
  -0.10233307
  -0.00070478
   0.00000000
   0.00000000
   0.00000000
   0.00000000
   0.00000000
   0.00000000
   0.00000000
   0.00000000
   0.00000000
   0.00000000
   0.00000000
   0.00000000
   0.00000000
   0.00000000
   0.00000000
   0.00000000
   0.00000000
   0.00000000
   0.00000000
   0.00000000
   0.00000000
   0.00000000
   0.00000000
   0.00000000
   0.00000000
   0.00000000
   0.00000000
   0.00000000
   0.00000000
   0.00000000
   0.00000000
   0.00000000
   0.00000000
   0.00000000
   0.00000000
   0.00000000
   0.00000000
   0.00000000
   0.00000000
   0.00000000
   0.00000000
  -0.00993056
  -3.53705230
  -3.72753438
  -2.76957560
  -2.71952419
  -2.80741384
  -3.64125301
  -3.91352195
  -3.88954205
  -3.59275810
  -3.53124967
  -2.79821985
  -3.16414397
  -2.51208612
  -2.74164910
  -2.66553249
  -2.67159801
  -3.27853979
  -2.95447826
  -3.33398229
  -2.78685667
  -3.06231581
  -2.44744222
