   0.00000000
   0.00000000
  -1.71753753
  -4.26232165
  -0.09605470
   0.00000000
  -0.15882731
  -1.19676559
  -2.60088944
  -1.73950575
  -0.11200640
   0.00000000
   0.00000000
  -0.15913858
  -1.28518731
  -2.12702169
  -2.96840736
  -2.33758346
  -1.42918693
  -0.42018028
  -0.00562146
  -0.02499467
  -1.10541116
  -2.58087456
  -2.31617461
  -1.65780776
  -0.94806883
  -0.44417056
  -0.49872752
  -1.39417874
  -2.54779707
  -2.22436169
  -2.12673707
  -2.15098771
  -2.59269291
  -2.30075823
  -2.18217398
  -2.73141073
  -2.10650727
  -1.73123006
  -2.19951942
  -2.90803641
  -2.56641560
  -2.79319011
  -3.33243150
  -3.63404309
  -3.53331415
  -3.48657187
  -3.49734696
  -2.92425706
  -2.80841572
  -2.62646590
  -2.16633096
  -2.19023760
  -2.82805447
  -2.47231133
  -2.46564546
  -3.03185380
  -2.75675309
  -3.12571468
  -2.65033994
  -3.12771398
  -3.11673166
  -3.52556077
  -3.27173119
  -3.47297570
  -3.10892612
  -3.29669460
  -3.37862489
  -3.14027934
  -3.45471829
  -3.14639017
  -3.54031859
  -3.27397960
  -3.23913449
  -2.64069654
  -3.24678306
  -2.41704763
  -2.50288528
  -1.93140660
  -2.11367601
  -1.83612081
  -1.56078699
  -1.47138604
  -1.51273717
  -1.69916521
  -1.91023373
  -2.44683143
  -2.29535164
  -2.29921803
  -2.78701675
  -2.52993153
  -2.55925981
  -2.93498916
  -2.45751916
  -2.66499747
  -2.51869372
  -2.13473103
  -2.15033692
  -2.61004630
  -2.27138889
  -2.18860905
  -2.51367725
  -2.46043658
  -2.21482238
  -2.29801926
  -2.67189325
  -2.21184520
  -2.14524648
  -2.52879300
  -2.21061601
  -1.96081287
  -1.91466728
  -2.22162429
  -2.18451368
  -1.91558334
  -1.85878976
  -1.90840023
  -2.35075858
  -2.02409467
  -1.88027102
  -1.90213053
  -2.12927837
  -2.33141451
  -2.00363451
  -1.96533152
  -2.07911004
  -2.49630228
  -2.10581977
  -2.05557455
  -2.23586144
  -2.52007269
  -2.12908724
  -2.07008845
  -2.44319904
  -2.25025133
  -2.00571217
  -1.97881323
  -2.29777488
  -2.23358500
  -1.94355419
  -1.87703658
  -1.93252717
  -2.39056642
  -2.03793834
  -1.92722739
  -1.93737444
  -2.29463938
  -2.18005391
  -1.94390675
  -1.90879071
  -2.04009109
  -2.36570095
  -1.96381160
  -1.85676420
  -1.87426333
  -2.25050146
  -2.07304410
  -1.87599359
  -1.81946365
  -1.85877251
  -2.30747408
  -1.98621660
  -1.80911536
  -1.75879372
  -1.80336309
  -2.24173605
  -1.95866326
  -1.80903635
  -1.77232023
  -1.82576160
  -2.23895858
  -1.97078669
  -1.80045967
  -1.78775487
  -1.94177134
  -2.31162913
  -2.01586852
  -1.67594706
  -1.56333903
  -1.51560650
  -1.53383949
  -1.67335305
  -1.93920710
  -1.62428510
  -1.50995356
  -1.50342405
  -1.56058481
  -1.63567720
  -2.03150114
  -1.86508005
  -1.68580110
  -1.65277288
  -1.69296261
  -1.76307555
  -2.21891405
  -1.84024996
  -1.73965575
  -1.73065148
  -1.79196726
  -2.22287174
  -1.88552095
  -1.74664619
  -1.71791295
  -1.76939285
  -2.13574544
  -1.93916471
  -1.73220264
  -1.66533655
  -1.69155096
  -1.75785975
  -2.18511235
  -1.75368642
  -1.63446688
  -1.60123705
  -1.64577431
  -1.83671609
  -2.03144801
  -1.68848524
  -1.58364547
  -1.55451737
  -1.58883385
  -1.65661560
  -2.12942772
  -1.67823241
  -1.55226984
  -1.50096074
  -1.49797730
  -1.53844031
  -1.87765930
  -1.82854447
  -1.68618610
  -1.48374238
  -1.42105408
  -1.68687179
  -2.03031808
  -2.17824939
  -1.83155552
  -1.38676330
  -1.13156975
  -0.97324477
  -0.87703825
  -0.85680211
  -0.85012612
  -0.85242163
  -0.86318382
  -0.87982379
  -0.90026047
  -0.92283292
  -0.94632051
  -0.96948945
  -0.99075791
  -1.04587735
  -1.48512401
  -1.10659639
  -0.95068341
  -0.87592514
  -0.91691076
  -0.89265643
  -0.84646721
  -0.81884864
  -0.80262024
  -0.79253959
  -0.78482610
  -0.77693724
  -0.76727458
  -0.75496289
  -0.73965214
  -1.19268239
  -1.18785277
  -0.59984012
  -3.35956297
  -4.30718418
  -2.18800502
  -1.42622738
  -1.42262875
  -0.97211838
  -0.64242588
  -0.40527880
  -0.14748473
  -0.05604694
  -0.32041135
  -0.53249108
  -0.94766702
  -0.61478380
  -0.00005363
  -0.66483080
  -1.16369593
  -0.01510215
  -0.00435836
  -0.21810192
  -0.57115974
  -0.56791357
  -0.15031703
  -0.28543550
  -0.37056508
  -0.26802168
  -0.58166423
  -0.86967490
  -0.06764141
  -0.10918269
  -0.04486621
  -0.04075693
   0.00000000
   0.00000000
   0.00000000
  -0.09105053
  -0.09545652
  -0.02468350
  -0.12973085
  -0.25459440
  -0.21349435
  -0.18169256
  -0.13203497
  -0.09982899
   0.00000000
   0.00000000
   0.00000000
   0.00000000
   0.00000000
   0.00000000
   0.00000000
   0.00000000
  -0.00591814
  -0.02729711
  -0.00805785
   0.00000000
   0.00000000
   0.00000000
   0.00000000
  -0.00944465
  -0.01381567
   0.00000000
   0.00000000
   0.00000000
   0.00000000
   0.00000000
   0.00000000
   0.00000000
   0.00000000
   0.00000000
   0.00000000
   0.00000000
   0.00000000
   0.00000000
   0.00000000
   0.00000000
   0.00000000
   0.00000000
   0.00000000
   0.00000000
   0.00000000
   0.00000000
   0.00000000
   0.00000000
   0.00000000
   0.00000000
   0.00000000
   0.00000000
   0.00000000
   0.00000000
   0.00000000
   0.00000000
   0.00000000
   0.00000000
   0.00000000
   0.00000000
   0.00000000
  -0.80442292
  -0.49695177
  -0.33684029
  -0.69280809
  -2.69864948
  -2.73933782
  -2.80365576
  -3.74022264
  -3.91684285
  -4.36180601
  -3.66073605
  -2.56448189
  -2.70448129
  -3.49201511
  -4.03629681
  -4.31300260
  -4.14070602
  -4.00927128
  -3.26545260
  -3.18584792
  -2.85089326
  -3.03683499
  -2.51033198
  -2.55777128
  -3.22382445
  -3.00422008
  -3.43720687
  -3.01538406
  -3.12398286
  -2.49931182
  -2.80051028
