   0.00000000
   0.00000000
   0.76640482
   2.76224453
   0.08113112
   0.00000000
   0.23811335
   3.22440605
   3.02435539
   2.60247167
   1.09280252
   0.40939231
   0.03047062
   0.60919330
   1.97030186
   2.73721960
   2.75256638
   2.50462190
   2.17258022
   1.24113582
   0.65512192
   0.52964844
   1.14533034
   2.43118595
   2.31235642
   2.24040214
   1.68941347
   1.13127378
   1.00602824
   1.33463960
   2.08021295
   2.30285546
   2.23042188
   2.49418954
   2.46551073
   2.32921590
   2.56048181
   2.43633565
   2.50543185
   1.79330318
   2.29885391
   2.53649478
   2.68384383
   2.74211381
   2.90201640
   3.03946594
   3.06300913
   2.94849159
   2.92177741
   2.84451652
   2.37176438
   2.57114401
   2.06537423
   2.44659604
   2.23990719
   2.55610494
   2.31216364
   2.64926677
   2.71513822
   2.53078616
   2.59850467
   2.73972438
   2.74869840
   2.80862654
   2.88400972
   2.83269542
   2.77574591
   2.83547520
   2.84019039
   2.81306558
   2.73871763
   2.77262930
   2.84822398
   2.82454587
   2.79175778
   2.44761711
   2.61327444
   2.32607872
   2.42380394
   2.00075754
   1.91891865
   2.06409739
   1.70805410
   1.62252406
   1.61913510
   1.85566857
   2.09311040
   1.92267863
   2.25978914
   2.33056118
   2.58979233
   2.35236482
   2.62953587
   2.50187526
   2.40877110
   2.55324620
   2.19294992
   2.38961481
   2.12116085
   2.13515481
   2.38862521
   2.13187040
   2.45064122
   2.13435581
   2.47914865
   2.15478648
   2.47444395
   2.11902022
   2.43595576
   2.10041206
   2.26951666
   2.12729820
   1.91295887
   2.23895061
   1.98627358
   1.87759277
   2.24124136
   1.96620877
   1.91563062
   2.25620228
   1.93737484
   2.04836655
   2.24130931
   1.96208376
   2.30356394
   2.08140590
   2.06836137
   2.34793929
   2.03772161
   2.39994948
   2.10511944
   2.34972482
   2.18764382
   2.21066383
   2.28125443
   2.03598776
   2.36107848
   2.01255670
   2.19196842
   2.14607368
   1.93027928
   2.27016758
   2.00898925
   1.94973535
   2.30249571
   1.98326269
   2.15784590
   2.18217778
   1.96390696
   2.31386544
   2.00634377
   2.02745555
   2.25729071
   1.93357083
   2.19434068
   2.06470860
   1.89561112
   2.23625418
   2.00725314
   1.91021391
   2.26279672
   1.94640953
   1.93122496
   2.22821455
   1.89895197
   1.91193056
   2.22029962
   1.89513880
   1.93898476
   2.22092561
   1.89403172
   2.04902393
   2.13184560
   1.87368495
   2.11676070
   2.06533041
   1.84707026
   1.97963831
   2.02229507
   1.75078775
   1.67347385
   1.92063049
   1.90209725
   1.68603623
   1.66374691
   2.01715380
   1.84511144
   1.72044763
   1.80883808
   2.12205528
   1.81768579
   1.80845836
   2.17713957
   1.88940722
   1.83484921
   2.19406577
   1.93488959
   1.86165316
   2.22256493
   1.92930306
   1.87108314
   2.21589607
   1.90793696
   1.86419891
   2.20793422
   1.89682730
   1.84329087
   2.18503177
   1.88019978
   1.80125201
   2.14790966
   1.89193455
   1.77038838
   2.05941446
   1.94112441
   1.76408831
   1.83312088
   2.09886848
   1.78561671
   1.73866951
   2.08150814
   1.84154250
   1.71395506
   1.84255663
   2.01227264
   1.73744296
   1.67814704
   1.98931601
   1.84122881
   1.68149975
   1.66811322
   2.01200628
   1.77342282
   1.66220787
   1.66298030
   2.05629646
   1.75868226
   1.61320824
   1.53450866
   1.55946650
   1.73550846
   1.49202076
   1.37599252
   1.33964293
   1.36203463
   1.41359117
   1.80482885
   1.48496379
   1.36338987
   1.33709637
   1.35535096
   1.65860909
   1.64241931
   1.50221680
   1.43564346
   1.41269724
   1.41067369
   1.58875312
   1.33030886
   1.32142345
   1.26436313
   1.23016470
   1.22746317
   1.28543871
   1.61982181
   1.37917908
   1.30004284
   0.93182368
   0.81692719
   0.88307251
   0.82563202
   0.00000000
   1.84168162
   2.74749751
   1.44746412
   1.60997202
   0.73336252
   0.46549316
   0.48659333
   0.08711146
   0.00283566
   0.00000000
   0.00000000
   1.34054956
   1.47218270
   1.26916520
   0.82467359
   0.02399894
   0.00000000
   0.26835620
   0.53814218
   0.00806592
   3.14224465
   0.27348120
   0.46473522
   0.59392901
   0.31387891
   0.22822387
   1.38839370
   1.06629580
   0.75620354
   0.62516818
   0.35606444
   0.27041500
   0.19089160
   0.24875258
   0.10099742
   0.07905214
   0.06624760
   0.03027378
   0.33367873
   0.65523570
   0.69285181
   0.57413700
   0.61214168
   0.69407234
   0.60427873
   0.50515076
   0.35952761
   0.35807546
   0.45623202
   0.13673020
   0.31514250
   1.08207920
   0.78877476
   0.51435401
   0.20602896
   0.58092034
   0.71142675
   0.92550140
   1.07411337
   1.17219826
   1.44752306
   1.37007441
   0.91628421
   0.78623817
   0.72650720
   0.85006847
   0.67765038
   0.29454056
   0.12830789
   0.00222312
   0.48973714
   0.93535371
   0.41413197
   0.00044773
   0.00873522
   0.12074180
   0.23508773
   0.27196422
   0.05105767
   0.00000000
   0.05100581
   0.47388982
   0.01967054
   0.30042293
   0.08978411
   0.38687485
   0.05003035
   0.00000000
   0.00000000
   0.00000000
   0.00000000
   0.00000000
   0.00000000
   0.00000000
   0.00000000
   0.00000000
   0.00000000
   0.00000000
   0.00000000
   0.00000000
   0.00000000
   0.00000000
   0.00000000
   0.00000000
   0.00000000
   0.00000000
   0.00000000
   0.00000000
   0.00000000
   0.00000000
   0.00000000
   0.08878842
   0.05574836
   0.00000000
   0.00000000
   0.00000000
   0.00000000
   0.00000000
   0.00000000
   0.00000000
   0.48050616
   1.79448325
   2.55963476
   2.23818109
   2.50569474
   2.07809886
   2.31339475
