   0.00000000
   0.00000000
   0.76697802
   2.76313407
   0.08361220
   0.00000000
   0.10420882
   0.88914780
   1.79176991
   1.41989739
   0.09966808
   0.00000000
   0.00000000
   0.12294701
   0.99575853
   1.61450864
   2.30231258
   1.86667822
   1.19441820
   0.36745533
   0.00501428
   0.02182851
   0.90750616
   2.06151228
   1.86720420
   1.37437883
   0.81543655
   0.39046801
   0.43591606
   1.15624701
   2.08075866
   1.79953878
   1.69856651
   1.69112628
   2.05208077
   1.83539307
   1.72122085
   2.13194613
   1.72593738
   1.41420780
   1.72734515
   2.26458035
   2.00731504
   2.11587874
   2.49363201
   2.62392898
   2.54188111
   2.58228173
   2.58047362
   2.19980831
   2.12895697
   2.07004038
   1.70179567
   1.74805102
   2.24000699
   1.95061384
   1.90955831
   2.34524568
   2.09651485
   2.39118939
   2.05409347
   2.36560932
   2.34539548
   2.59598982
   2.39987438
   2.58437860
   2.32340054
   2.48423655
   2.50380719
   2.35027418
   2.57158010
   2.33792709
   2.62597757
   2.37065535
   2.37451258
   2.01122989
   2.33669716
   1.84970972
   1.71465011
   1.45649328
   1.68690630
   1.48360930
   1.26895739
   1.22760750
   1.27042961
   1.40451965
   1.55494482
   1.98417838
   1.81923874
   1.77698179
   2.15675883
   1.97848096
   1.97274724
   2.29503347
   1.92589187
   2.07913244
   2.01244558
   1.71330225
   1.70368066
   2.08092761
   1.82837153
   1.73826868
   1.97333391
   1.96707446
   1.76616653
   1.80441268
   2.11563170
   1.77494246
   1.70206662
   1.99431072
   1.78809827
   1.58882306
   1.53883346
   1.77444692
   1.78065380
   1.57089437
   1.51329522
   1.53602767
   1.88198805
   1.65733148
   1.53693298
   1.53561825
   1.69787811
   1.88573741
   1.63355538
   1.58401995
   1.64952745
   2.00111432
   1.70940773
   1.64792056
   1.76470557
   2.01843633
   1.71968945
   1.65088889
   1.91002107
   1.81998721
   1.63235209
   1.58688361
   1.79928625
   1.80783402
   1.59192860
   1.52585934
   1.55197469
   1.91389757
   1.67188686
   1.56786729
   1.55724667
   1.82392705
   1.77623384
   1.58807743
   1.54098078
   1.60469062
   1.90200308
   1.61121000
   1.51082179
   1.49808400
   1.77788177
   1.70761372
   1.54299729
   1.48454985
   1.49780607
   1.82292330
   1.62521064
   1.48334654
   1.43568239
   1.45889216
   1.79782800
   1.61920642
   1.49042102
   1.44844461
   1.47172229
   1.79171181
   1.62666737
   1.48334491
   1.43368755
   1.43147300
   1.72404850
   1.55624110
   1.36999962
   1.29246332
   1.26643817
   1.27754584
   1.38735919
   1.61915267
   1.35944705
   1.25993311
   1.24527477
   1.27969633
   1.32682560
   1.64331565
   1.54310489
   1.39954742
   1.36099975
   1.37681164
   1.41673345
   1.80034498
   1.52452589
   1.43319319
   1.41410001
   1.44414758
   1.78976607
   1.56174312
   1.44427411
   1.40971036
   1.42955205
   1.70879081
   1.60183001
   1.43911788
   1.37559142
   1.37943549
   1.40843384
   1.76929871
   1.46382244
   1.36012221
   1.32471945
   1.34345906
   1.46691766
   1.65676752
   1.41394160
   1.32088032
   1.28931142
   1.30380887
   1.32417995
   1.70058090
   1.40284275
   1.29234768
   1.24171877
   1.23717570
   1.26173723
   1.50292460
   1.49719470
   1.32582320
   1.20067280
   1.15944499
   1.22378259
   1.21898600
   1.33495940
   1.20171894
   0.97784192
   0.86506102
   0.80090321
   0.76437123
   0.75141947
   0.74326169
   0.74300423
   0.75021796
   0.76267029
   0.77854413
   0.79637387
   0.81506379
   0.83351866
   0.85037214
   0.89657970
   1.27978176
   0.95487294
   0.81984059
   0.75459890
   0.78994107
   0.76906749
   0.72879403
   0.70459504
   0.69040738
   0.68169780
   0.67516442
   0.66856801
   0.66048669
   0.65012735
   0.63715637
   1.03084174
   1.03279057
   0.52193180
   2.91147965
   3.96573161
   2.14048722
   1.45970734
   1.49123651
   1.04519250
   0.70431385
   0.45144262
   0.16549896
   0.06240187
   0.35649991
   0.59569390
   1.07124038
   0.70186262
   0.00006235
   0.75486913
   1.33600908
   0.01838336
   0.00438579
   0.26740837
   0.70434741
   0.69933409
   0.18883215
   0.36206802
   0.47584687
   0.34735568
   0.75715828
   1.13154906
   0.08438276
   0.14367295
   0.06406664
   0.05777331
   0.00000000
   0.00000000
   0.00000000
   0.12831641
   0.13442305
   0.03474782
   0.18283874
   0.36107944
   0.30634973
   0.26484007
   0.19654830
   0.15196947
   0.00000000
   0.00000000
   0.00000000
   0.00000000
   0.00000000
   0.00000000
   0.00000000
   0.00000000
   0.01936697
   0.09302479
   0.02880165
   0.00000000
   0.00000000
   0.00000000
   0.00000000
   0.04917681
   0.07510764
   0.00000000
   0.00000000
   0.00000000
   0.00000000
   0.00000000
   0.00000000
   0.00000000
   0.00000000
   0.00000000
   0.00000000
   0.00000000
   0.00000000
   0.00000000
   0.00000000
   0.00000000
   0.00000000
   0.00000000
   0.00000000
   0.00000000
   0.00000000
   0.00000000
   0.00000000
   0.00000000
   0.00000000
   0.00000000
   0.00000000
   0.00000000
   0.00000000
   0.00000000
   0.00000000
   0.00000000
   0.00000000
   0.00000000
   0.00000000
   0.00000000
   0.00000000
   0.63639422
   0.42465631
   0.29223609
   0.59714066
   2.17897252
   2.17098708
   2.19643099
   2.71224677
   2.74144481
   2.93758553
   2.68333358
   1.99818881
   2.08088360
   2.59219982
   2.79321306
   2.92435768
   2.88714649
   2.82628670
   2.34330044
   2.43627220
   2.17497494
   2.26152937
   1.98642705
   1.98544156
   2.45288170
   2.24080777
   2.56632023
   2.25575610
   2.40068066
   1.93830700
   2.15020113
