  -1.7795624000000001        0.0000000000000000     
  -2.6801249000000005        5.5202964813380504     
  -2.3461317333333334        0.0000000000000000     
  -1.6818298000000000        0.0000000000000000     
  -1.5409488333333337        0.0000000000000000     
  -1.1268589000000000       -1.6254632947281493     
  -4.7372477000000002       -11.769341772381779     
  -3.5898600333333337       -3.9871159302733759     
  -2.4354877000000004        0.0000000000000000     
  -1.0144652999999999        0.0000000000000000     
  -1.4932232000000001        0.0000000000000000     
  -1.2792425999999999        0.0000000000000000     
  -2.2219543000000002       -3.6031400421304625     
  -3.6643432666666671       -10.565103918757927     
  -5.3303646333333337       -8.6170837250790555     
  -6.4961772000000000       -6.9890720202058674     
  -5.8342019000000001       -6.5628795534687470     
  -5.1759630000000003       -1.6729971403636341     
  -1.8283396000000001        0.0000000000000000     
  -2.0226521666666670      -0.72372314145826522     
  -3.5180829999999998       -5.4459483676791365     
  -4.5822266000000003       -6.9225604704409989     
  -6.4682898666666677       -7.7455313668515373     
  -6.9980902999999994       -8.0960934327169412     
  -5.6879968999999999       -4.2588928942495272     
  -3.3266588000000001      -0.27026273028405967     
  -2.7658377999999999      -0.64699751580803877     
  -3.5351968999999999       -6.3749584814698892     
  -4.6662184333333334       -5.9848296212682612     
  -5.9863634000000001       -6.9287725211002567     
  -8.1805266999999997       -10.396503256660310     
  -8.3338968666666666       -10.463570820462337     
  -8.3175011666666663       -11.698280303935576     
  -8.2658497999999998       -9.6142538090377343     
  -8.2485772333333323       -12.608556545510055     
  -7.9305141999999993       -8.2176919646166766     
  -9.8655588999999999       -10.730663025790022     
  -5.3698642333333337       -3.2972700751295747     
  -6.2030505666666667       -11.130452603320350     
  -9.6341064000000003       -14.280060188076050     
  -11.840644333333334       -13.340098032281674     
  -10.952768333333333       -17.608924320762668     
  -14.762333000000000       -21.935655312576586     
  -14.493126000000000       -26.642431621331923     
  -17.772887666666666       -32.466437304010043     
  -18.698696000000002       -24.008747098219345     
  -16.889232000000000       -21.829489437124010     
  -17.222065999999998       -25.259087743715156     
  -12.737005999999999       -10.832105981500661     
  -12.761443000000002       -12.606380503999333     
  -10.334456333333332       -6.3227637485672403     
  -10.354948000000000       -17.746199776345321     
  -11.756507333333335       -17.201094582207162     
  -14.906070000000000       -20.565826089756428     
  -13.636640999999999       -19.120532346928371     
  -15.952014000000000       -21.182833701908521     
  -16.999672666666669       -29.788965644009210     
  -17.248840000000001       -20.903377535310540     
  -15.319130000000001       -21.402216318402679     
  -21.258333333333333       -21.346027113464999     
  -19.720832999999999       -34.753392530160028     
  -22.306944333333334       -26.948359094947619     
  -18.103472333333333       -39.247243270201125     
  -20.479167000000000       -35.013996429935844     
  -18.875000000000000       -22.918389824910605     
  -22.722222333333335       -38.447968649653092     
  -21.312500000000000       -40.374315221779653     
  -19.955555666666669       -37.207854110790237     
  -25.836805333333331       -34.808255763535954     
  -20.954167000000002       -33.853190435422476     
  -30.607638999999999       -47.379882900690262     
  -28.480555666666667       -34.348708546491991     
  -18.327082999999998       -18.574282999561774     
  -15.756944666666667       -10.600510137432138     
  -19.194444333333333       -13.098035462329392     
  -12.937500000000000       -9.5480797156963604     
  -9.5979166666666664        0.0000000000000000     
  -10.068055333333334       -29.582262264282207     
  -10.677083000000000       -9.0950918221978441     
  -14.398610999999999       -20.252109205603517     
  -7.5805555666666660       -7.4278776231964798     
  -15.641667000000000       -16.924986197582029     
  -13.835416666666667       -15.688403676280188     
  -17.652777666666665       -21.118812923174431     
  -15.637499999999999       -18.579103505720553     
  -18.863889000000000       -29.469524311444417     
  -24.129861333333331       -32.959475132954708     
  -26.320833000000000       -28.937530538119915     
  -29.819444333333337       -33.915237780434950     
  -23.554166666666667       -27.004760539560436     
  -26.118749999999999       -43.797865614594087     
  -25.384722000000000       -24.664754164565210     
  -23.558333333333334       -40.535952225223241     
  -20.750000000000000       -16.057924017466917     
  -15.686111000000000       -15.821610506604031     
  -16.565277999999999       -25.878165443035385     
  -18.824999999999999       -33.524925823620919     
  -23.636111000000003       -29.417866392998263     
  -22.684027666666669       -30.341076209740976     
  -23.379166999999999       -39.347831681334554     
  -24.062500000000000       -22.551238158131298     
  -24.250000000000000       -33.159733641957075     
  -28.212499999999999       -33.070451919002210     
  -25.805555666666670       -29.940559399740351     
  -21.202778000000002       -21.898317009593825     
  -28.579167000000002       -31.868108544391703     
  -23.178472333333335       -20.096971590438727     
  -18.855555666666667       -15.238539546051186     
  -17.510417000000000       -18.735324454910227     
  -19.113888666666668       -20.117077098450551     
  -22.910416666666670       -27.932142833346603     
  -20.975000000000001       -20.930576350812970     
  -24.440972333333335       -38.464423817400018     
  -18.840277999999998       -15.544079268204484     
  -25.327082999999998       -31.487502633998417     
  -25.983333333333334       -24.088339986012215     
  -22.756944333333333       -26.482066586048205     
  -27.925000000000001       -26.697183082561594     
  -35.170138666666674       -37.508320372870116     
  -34.159722333333335       -38.437813983968510     
  -28.356249999999999       -29.175442769295501     
  -26.581944333333333       -27.419502907970156     
  -30.332638666666668       -32.010031260329157     
  -30.000000000000000       -33.856134021422349     
  -24.000000000000000       -35.444880426948572     
  -25.544444333333331       -34.121517304766343     
  -26.614583000000000       -43.981572350042086     
  -27.547222000000001       -34.625753750981914     
  -28.121527666666665       -46.510614617234552     
  -25.125000000000000       -24.512326559082084     
  -24.672916666666669       -21.496336348956135     
  -27.381944666666669       -29.509499406376761     
  -30.562500000000000       -30.837345654370978     
  -30.097222333333335       -30.927154583783476     
  -29.289583333333333       -29.976189271405303     
  -24.345832999999999       -25.288926421855223     
  -26.527083333333334       -36.905855335334252     
  -25.406944333333335       -31.709554173279372     
  -23.000000000000000       -26.594702018501408     
  -22.498611000000004       -31.145170548913370     
  -29.413194666666669       -50.013987200077935     
  -26.712499999999999       -27.137977750284563     
  -29.392361000000001       -41.153440104541403     
  -29.222222333333331       -34.799245604186524     
  -27.195833000000000       -30.317468863461215     
  -28.213888666666669       -30.778336008545182     
  -25.352777666666668       -25.348595776078696     
  -27.350000000000001       -28.636301063002009     
  -22.548611000000001       -21.173793265310394     
  -33.288888666666665       -55.148896898684711     
  -26.318750000000001       -22.225039933687782     
  -20.231944333333335       -18.594567009505766     
  -30.771527666666667       -39.429785691831626     
  -16.000000000000000       -19.140463154614480     
  -33.768055333333336       -52.231559933558714     
  -30.245833333333330       -27.226062368389250     
  -20.443750000000001       -27.524587566266661     
  -26.509722333333333       -25.551807173197687     
  -28.062500000000000       -33.793646028139136     
  -24.574999999999999       -36.297564381917454     
  -29.780555666666672       -34.132745636630517     
  -25.469444333333335       -31.511833576822369     
  -27.072917000000000       -34.091012258709640     
  -29.284722000000002       -50.727407405321685     
  -31.361805666666669       -46.023444096602475     
  -29.612500000000001       -34.670795316678152     
  -25.797222333333337       -22.583034697487335     
  -30.870833333333334       -52.365754742257423     
  -35.156250000000000       -40.681847902945862     
  -27.861111000000001       -25.310185494309593     
  -29.972916666666670       -31.017583817147539     
  -16.312500000000000       -8.8998786946641530     
  -13.265278000000000       -6.7196196890957367     
  -16.729166666666668       -18.066384947410739     
  -19.493749999999999       -36.906643822148482     
  -18.891666666666666       -18.989000773391922     
  -22.865278000000000       -44.429256470129815     
  -22.254166999999999       -23.954857750938146     
  -24.996527666666669       -34.926604919895993     
  -28.008333333333333       -30.190463056837586     
  -32.243749999999999       -38.827572254822400     
  -35.251388666666671       -38.269585919433268     
  -36.750694333333335       -41.490297906030037     
  -37.812500000000000       -40.765550307728546     
  -37.685416666666669       -40.297914693733475     
  -41.372221999999994       -42.331981414824412     
  -38.316667000000002       -40.119191557354725     
  -37.738889000000000       -38.929808571378118     
  -30.180555666666670       -32.642442904504009     
  -26.562500000000000       -30.096462419072054     
  -33.067361333333338       -54.027301705553697     
  -36.062500000000000       -49.460616228587185     
  -35.424999999999997       -42.785770011726726     
  -27.361111000000001       -28.407272422956027     
  -27.945138666666669       -39.362399296112528     
  -24.866667000000000       -35.111055229179755     
  -30.151389000000002       -35.977588422990834     
  -24.302777666666667       -41.541722771489191     
  -28.135417000000000       -48.796929941009523     
  -30.698611333333332       -50.503604937848792     
  -26.140277666666663       -31.065765046528526     
  -23.112500000000001       -24.530614407283849     
  -23.490277666666667       -26.770541158657636     
  -24.125000000000000       -30.173790194241832     
  -29.856249999999999       -43.714082038224518     
  -30.702777666666670       -43.770045826970772     
  -28.202083333333334       -23.097873892366181     
  -25.704167000000002       -45.292439879921432     
  -25.295138666666666       -33.777459922130930     
  -24.847222333333335       -26.755299339152202     
  -25.037500000000001       -45.809268410123138     
  -26.952777666666670       -47.600309556876738     
  -27.602778000000001       -46.240977790653034     
  -23.645833000000000       -20.016040208053255     
  -21.066666666666666       -48.814350226728408     
  -25.750000000000000       -41.463358242169534     
  -24.102083000000000       -32.581774472549085     
  -23.787500000000001       -16.312512157883930     
  -18.048611000000001       -30.450908725874427     
  -22.100000000000001       -39.994922506125732     
  -29.588194333333334       -43.931350154088250     
  -24.134722000000000       -41.535767582739453     
  -24.214583000000001       -35.352985569116157     
  -25.277777666666669       -44.529862086642993     
  -27.909027666666667       -47.502211407926069     
  -28.629166999999999       -48.059818094528339     
  -24.252777999999999       -27.312581502117752     
  -14.659722333333333       -4.6795680823223620     
  -7.3125000000000000        0.0000000000000000     
  -9.4708333333333350       -15.489697582290432     
  -11.806944666666666       -5.3168542364198856     
  -4.9625000000000004        0.0000000000000000     
  -2.1590277666666666       -9.3064415608423019     
  -11.666666666666666       -29.048942123809695     
  -13.937500000000000       -38.569749429602808     
  -17.052778000000004       -40.032276231264632     
  -16.040277666666668       -39.264976788457261     
  -15.449999999999999       -39.952161039001794     
  -14.697916666666668       -38.131370056571939     
  -15.531944666666666       -35.131095123246325     
  -8.8416666999999993       -4.9413355297447765     
  -7.2097222333333333       -16.251390084918910     
  -11.476389000000001       -38.770211431521147     
  -10.854167000000000       -16.495592694879917     
  -10.832638666666668       -21.412168090098220     
  -14.979166666666668       -28.349553228744696     
  -11.562500000000000       -15.400073581570211     
  -12.840277666666669       -12.650300303930010     
  -7.8645833333333339       -6.7372321111704991     
  -5.7500000000000000       -12.206303813967793     
  -9.6569444333333330       -26.380142618299033     
  -9.9375000000000000       -23.159005049579946     
  -12.279166999999999       -19.887289072269795     
  -13.152778000000000       -13.144373752861384     
  -7.9111110999999994       -13.534154531816796     
  -4.8250000000000002        0.0000000000000000     
  -9.7916666666666680E-002  -12.379235737101965     
 -0.53333333333333333       -6.1745734712024500     
  -1.4479166999999999       -6.2489260598017040     
  -2.9041666666666668       -5.1205317205490246     
  -1.3659722333333333       -5.2571529559836563     
  -2.3999999999999999       -6.6020572543123990     
  -2.5381944666666669       -8.5632894167952713     
  -1.1250000000000000       -3.3858115578606203     
  -2.1937500000000001       -6.2419032978825157     
 -0.68194444333333337       -11.853139614786755     
  -6.2500000000000000E-002  -9.7562072095092276     
  -2.2041667000000000      -0.79697042374289140     
   1.1805555666666667        0.0000000000000000     
   2.7388889000000001        0.0000000000000000     
   2.6229167000000002        0.0000000000000000     
   1.9986111333333336        0.0000000000000000     
   2.1868055666666666        0.0000000000000000     
   1.5000000000000000        0.0000000000000000     
   2.6819444333333333        0.0000000000000000     
   2.1250000000000000        0.0000000000000000     
  0.11250000000000000        0.0000000000000000     
   1.0680555666666667       -1.9580882226089784     
   1.8194444333333335       -6.7883874180349721     
   2.9208333000000000       -17.567381558477962     
   3.8027778000000003       -6.1131551832991704     
  0.17638888999999999      -0.73975064263419199     
   1.2500000000000000        0.0000000000000000     
   3.0208333333333335        0.0000000000000000     
   2.9604166666666667      -0.49457423033300074     
   3.9833333000000000        0.0000000000000000     
  0.78541666666666665       -2.7109644759926823     
  0.85138888999999995        0.0000000000000000     
  0.60416667000000002       -9.7804708333939061     
   1.0111111333333334        0.0000000000000000     
   3.3597222333333328        0.0000000000000000     
   2.5000000000000000        0.0000000000000000     
   3.5756944333333336       -3.7111321050373931     
   2.6736111333333334        0.0000000000000000     
   3.8416667000000002        0.0000000000000000     
   5.3583333333333334        0.0000000000000000     
   2.6409722333333336        0.0000000000000000     
   2.4958333000000001        0.0000000000000000     
   2.3923611333333334        0.0000000000000000     
   2.8569444333333336        0.0000000000000000     
   2.0187499999999998        0.0000000000000000     
   1.8361111000000001        0.0000000000000000     
   3.9756944666666669        0.0000000000000000     
   3.6041666999999999       -4.8326901142729639E-002
   6.4631944333333333        0.0000000000000000     
   4.6833333333333336        0.0000000000000000     
   1.4145833000000001        0.0000000000000000     
   1.7263888666666669        0.0000000000000000     
   3.5416666666666670        0.0000000000000000     
   1.5000000000000000       -5.0603813885149972E-005
   1.9375000000000000       -5.5156450611332460E-005
   2.4277778000000003       -5.6636274205972847E-005
   1.0270832999999999       -5.7413568428731751E-005
   2.8472222333333335       -5.7426243934497366E-005
   2.1875000000000000       -5.7423043240562012E-005
   1.6250000000000000       -5.7426123850430368E-005
   2.4375000000000000       -5.7424661589903661E-005
   3.6555555666666670       -5.7424363708712735E-005
   1.2812500000000000       -5.7122756895872563E-005
   2.9361111000000002       -5.7256991508134577E-005
   1.1250000000000000       -5.7256780305277378E-005
   5.6666667000000004       -5.7297695641815504E-005
   2.8125000000000000       -5.7286529453465187E-005
   1.9652777666666665       -5.5149557612171413E-005
   3.0437500000000002       -5.6014366853836828E-005
   2.0527778000000003       -8.2142106341667045     
   2.5256944333333333       -5.6006746327987243E-005
   1.8750000000000000       -5.6060646399847733E-005
   1.4444444333333335       -2.7046768009249718     
   2.2027778000000002       -5.6980510556611325E-005
   4.0520832999999996       -5.6522217053230538E-005
   3.1250000000000000       -5.7327314783264337E-005
   2.5840277666666669       -5.7382385072134004E-005
   2.2708333000000001       -5.7378769157514669E-005
   2.0625000000000000       -5.6825983684736889E-005
   2.3986111000000001       -1.6234706107009818E-005
   1.1959717000000001       -4.6368232842909164E-006
   1.9626732666666666       -1.3243374996683278E-006
  0.80723046333333337       -1.3240078325456546E-006
 -0.19823811999999999       -3.7876849575444297E-007
  -1.1091959666666666       -3.7873528901154514E-007
   8.5864257666666666E-002   0.0000000000000000     
   2.0686198000000000       -1.1287161608632215E-007
   3.1936550666666670       -3.2766685394522377E-008
  0.73657683999999990       -3.4701188235279420E-005
  0.92890625000000004       -3.9607542987836669E-005
   2.8985316333333335       -4.2772601075338431E-005
   4.8167825999999998       -4.6521929931342418E-005
   2.8724786999999998       -4.7746938370207316E-005
   1.5078782666666668       -4.9534517728936007E-005
 -0.14166310666666665        0.0000000000000000     
 -0.37242839000000000       -4.3063322723536179E-005
 -0.33316396000000004       -4.6176095402381463E-005
  0.10761922000000000       -4.9543319461791110E-005
 -0.26340332000000000        0.0000000000000000     
   6.1273871666666674E-002   0.0000000000000000     
  -8.3594428333333332E-002  -4.7822927890739041E-005
  -3.8065592000000002E-002  -5.6239931753145243     
  -1.6967750000000001       -9.9467647093772484     
  -1.5758693999999998       -3.0680882663409079     
  -2.1257394999999999       -6.2503555488769393     
  -1.1611440333333332       -3.1594798734182632     
  -1.3619669666666667       -1.4191635985062589     
 -0.65396728999999998       -2.5221955112216961     
  -3.9104546333333337E-002   0.0000000000000000     
  -9.9413723666666676E-002 -0.40026118243565634     
  -1.7209437000000001       -20.392035297778079     
  -1.5587632666666669       -16.067478404360600     
  -1.4719739999999999       -2.1578986233668047     
 -0.82775065000000003       -4.9548591073688044     
  -1.2355038000000000       -5.5599491092779658     
  -2.4401007666666668       -10.620150913147540     
  -3.1293030000000002       -7.9656277646656122     
  -2.8123722000000000       -11.176985540104283     
  -3.3163088000000003       -24.232927613064589     
  -3.6041300000000001       -23.423870849576673     
  -3.6118917000000001       -36.971497033047143     
  -2.7211805333333334       -12.020869846392259     
  -2.3079132000000002       -10.637899976237918     
  -1.9170654666666667       -12.598638455760295     
  -2.8479407666666665       -28.563187577920843     
  -7.1833282000000001       -35.650684946063137     
  -4.8038067333333343       -40.634619128056272     
  -6.9607876666666666       -19.929909614394006     
  -9.8520939999999992       -30.618880530946996     
  -4.6988454333333340       -13.879877995027869     
  -6.7707995666666676       -27.833151320786953     
  -4.3649597000000000       -10.256916126081592     
  -4.5192533666666668       -17.791443151757278     
  -5.5380977666666666       -25.828534632092556     
  -5.4750243999999997       -36.691256779456126     
  -10.501820333333335       -37.785266610503328     
  -9.1352025666666670       -38.227489698336086     
  -9.0150054999999991       -44.105175006862993     
  -6.9570385333333338       -21.147894956972095     
  -3.9300652333333330       -19.903348422932510     
  -3.9063039000000002       -23.873037850202280     
 -0.75081550000000008        0.0000000000000000     
 -0.25180748666666664        0.0000000000000000     
