   0.00000000
   0.00000000
   0.00000000
   0.00000000
   0.00000000
   0.00000000
   0.00000000
   0.00000000
   0.00000000
   0.00000000
   0.00000000
   0.00000000
   0.00000000
   0.00000000
   0.00000000
   0.00000000
   0.30090114
   3.21565763
   3.10139341
   2.97128259
   2.85764305
   2.79522633
   2.79579201
   2.73628994
   2.53530207
   2.65769648
   2.72145786
   2.79896134
   2.86690586
   2.82272403
   2.76224177
   2.79422571
   2.81259801
   2.80207044
   2.71783868
   2.59973657
   2.72626273
   2.75292091
   2.61265901
   2.55775831
   2.71833601
   2.59269260
   2.49913965
   2.69450817
   2.54449137
   2.51050420
   2.68588982
   2.47441844
   2.57550796
   2.66639729
   2.41599736
   2.62231255
   2.60083049
   2.40259534
   2.65696065
   2.47372086
   2.51292369
   2.63877792
   2.38602581
   2.63314912
   2.55653147
   2.42998198
   2.65855343
   2.41079736
   2.58115741
   2.60526904
   2.37987751
   2.64230210
   2.44862499
   2.50560328
   2.60582456
   2.35796194
   2.62861572
   2.41894764
   2.51145241
   2.57557718
   2.34469054
   2.61611496
   2.33452114
   2.57189365
   2.47520982
   2.40674400
   2.57546764
   2.31189425
   2.59858892
   2.31026823
   2.56337919
   2.41823574
   2.43461910
   2.52688095
   2.32095959
   2.58068531
   2.28802007
   2.58539874
   2.30985268
   2.54328844
   2.43007744
   2.40531093
   2.51807606
   2.30508956
   2.55970064
   2.26263138
   2.56616121
   2.25583068
   2.55305738
   2.27224674
   2.52409916
   2.33229982
   2.45533929
   2.41596529
   2.36474079
   2.47207231
   2.30163807
   2.50898249
   2.25872266
   2.52764677
   2.23220190
   2.53277048
   2.21665632
   2.53020174
   2.20609484
   2.52493290
   2.19777770
   2.51878542
   2.19104344
   2.51374171
   2.18578144
   2.50998091
   2.18111515
   2.50688016
   2.17634991
   2.50288150
   2.17115229
   2.49760540
   2.16697054
   2.48947518
   2.16578675
   2.47593854
   2.17024841
   2.45388584
   2.18335375
   2.41697421
   2.20944995
   2.35556358
   2.25548208
   2.25222151
   2.34031642
   2.14524020
   2.42561247
   2.10407389
   2.43946143
   2.09536043
   2.40951932
   2.13058686
   2.30865589
   2.21473374
   2.10953327
   2.38081770
   2.04838204
   2.39193184
   2.07643865
   2.30267275
   2.24119022
   2.12038383
   2.42405246
   2.07283231
   2.35532571
   2.15499986
   2.06088704
   2.37630662
   2.03379057
   2.29366196
   2.16377033
   2.01844675
   2.36331345
   2.05057396
   2.11970792
   2.26609878
   1.98325872
   2.24317206
   2.12755919
   1.95495375
   2.28774245
   2.05286793
   1.94274333
   2.29055734
   2.00852012
   1.92743652
   2.27227540
   1.97614655
   1.89678846
   2.24500975
   1.96503566
   1.86899629
   2.20946408
   1.97167234
   1.84250717
   2.12703762
   2.00922079
   1.84080770
   1.96645650
   2.11602280
   1.86277832
   1.81193515
   2.15999680
   1.91595791
   1.79532754
   1.93448996
   2.06390572
   1.82471614
   1.74733960
   1.98403318
   1.94652963
   1.75529126
   1.69079115
   1.89596140
   1.92065743
   1.71337502
   1.63500043
   1.63128911
   1.99978399
   1.71699207
   1.59604031
   1.55560451
   1.67542436
   1.86236505
   1.61921327
   1.51372906
   1.47507225
   1.47226476
   1.84592986
   1.59536003
   1.45510884
   1.39110857
   1.37193070
   1.37317711
   1.75852226
   1.50429962
   1.35713979
   1.28323226
   1.25322689
   1.24863369
   1.25302848
   1.65839684
   1.39366224
   1.24020524
   1.15881384
   1.11869270
   1.10570442
   1.10719359
   1.11277888
   1.43088940
   1.34485305
   1.10766293
   1.01387188
   0.95471662
   0.92847015
   0.92631635
   0.93666523
   0.95148815
   0.96383985
   0.97929154
   1.40676488
   1.00441660
   0.86014146
   0.89350613
   0.86092891
   0.82596863
   0.81162822
   0.80967103
   0.81374898
   0.81940984
   0.82248297
   0.82204382
   1.23093570
   1.03176725
   0.77899830
   0.69852487
   0.70955701
   0.74235853
   0.69440607
   0.66739109
   0.65217885
   0.64492840
   0.64179182
   0.64040307
   0.63927324
   0.63739339
   0.63388802
   0.62850692
   0.62122564
   1.29073832
   0.69222850
   0.00000000
   0.07193689
   1.79497419
   2.55456120
   3.25518222
   2.79830670
   2.18833772
   1.84168024
   1.60928859
   1.42666718
   0.59962058
   2.69193309
   0.75471393
   0.65610054
   0.63642963
   0.62197085
   0.57169835
   0.57053399
   0.56014340
   0.49194741
   0.50250706
   0.49472272
   0.06779326
   0.07868255
   0.22645436
   0.31749855
   0.06300641
   0.08567291
   0.46538664
   0.46938925
   0.39374959
   0.44012278
   0.37062019
   0.31656992
   0.24994725
   0.17523856
   0.12141754
   0.06303581
   0.02946881
   0.00470410
   0.00000794
   0.00000000
   0.00000000
   0.00000000
   0.00000000
   0.00000000
   0.00000000
   0.00000000
   0.00000000
   0.00000000
   0.00000000
   0.00000000
   0.00000000
   0.00000000
   0.00000000
   0.00000000
   0.00000000
   0.00000000
   0.00000000
   0.00000000
   0.00000000
   0.00000000
   0.00000000
   0.00000000
   0.00000000
   0.00000000
   0.00000000
   0.00000000
   0.00000000
   0.00000000
   0.00000000
   0.00000000
   0.00000000
   0.00000000
   0.00000000
   0.00000000
   0.00000000
   0.00000000
   0.00000000
   0.00000000
   0.00000000
   0.00000000
   0.00000000
   0.00000000
   0.00000000
   0.00000000
   0.00000000
   0.00000000
   0.00000000
   0.00000000
   0.00000000
   0.00000000
   0.00000000
   0.00000000
   0.00000000
   0.00000000
   0.00000000
   0.00000000
   0.00000000
   0.00000000
   0.00000000
   0.00000000
   0.00000000
   0.00000000
   0.00000000
   0.00000000
