   0.00000000
   0.00000000
   0.00000000
   0.00000000
   0.00000000
   0.00000000
   0.00000000
   0.00000000
   0.00000000
   0.00000000
   0.00000000
   0.00000000
   0.00000000
   0.00000000
   0.00000000
   0.00000000
  -0.38536508
  -4.88411411
  -4.70824225
  -4.36796647
  -4.10857080
  -3.94912261
  -3.91207682
  -3.81535263
  -3.51052927
  -3.65241964
  -3.74855876
  -4.01059190
  -4.15010775
  -4.05189641
  -3.93104379
  -3.95068609
  -3.95977902
  -3.93578480
  -3.81198918
  -3.62047830
  -3.78186452
  -3.81956259
  -3.62946917
  -3.51270335
  -3.73651930
  -3.56570301
  -3.40801365
  -3.67941610
  -3.48888495
  -3.41290920
  -3.66432209
  -3.38619198
  -3.49883853
  -3.63868550
  -3.29197525
  -3.55257345
  -3.54740238
  -3.25043186
  -3.59955886
  -3.37012847
  -3.39331967
  -3.58574586
  -3.23658609
  -3.56017117
  -3.48394028
  -3.28401093
  -3.60608425
  -3.28056448
  -3.48406701
  -3.54375482
  -3.21496391
  -3.57084185
  -3.32787653
  -3.37167410
  -3.53316540
  -3.17985113
  -3.54413645
  -3.27870672
  -3.37184796
  -3.48832416
  -3.14772088
  -3.52337998
  -3.14593504
  -3.44764170
  -3.34636665
  -3.21565445
  -3.47155730
  -3.09680539
  -3.48936745
  -3.10350231
  -3.42719825
  -3.25964373
  -3.24339527
  -3.40539836
  -3.09358355
  -3.46433693
  -3.06156525
  -3.45883339
  -3.10346079
  -3.39282182
  -3.27477190
  -3.19849192
  -3.38840254
  -3.06451245
  -3.43329907
  -3.01245684
  -3.42937281
  -3.00902698
  -3.40009167
  -3.03787318
  -3.35292471
  -3.12477445
  -3.25514714
  -3.24212352
  -3.12743870
  -3.31473670
  -3.04387433
  -3.35812107
  -2.98887606
  -3.37718756
  -2.95462676
  -3.37647046
  -2.93489978
  -3.36419789
  -2.92153720
  -3.35458141
  -2.90867999
  -3.34190025
  -2.89800256
  -3.33084479
  -2.88965956
  -3.32348159
  -2.88180843
  -3.31863014
  -2.87297852
  -3.31377890
  -2.86241539
  -3.30684380
  -2.85239772
  -3.29773698
  -2.84509902
  -3.28058467
  -2.84455943
  -3.25460129
  -2.85360440
  -3.21015673
  -2.87880421
  -3.12999979
  -2.93436318
  -2.98119283
  -3.05285211
  -2.82357918
  -3.17780649
  -2.75668422
  -3.20564130
  -2.73117429
  -3.17665444
  -2.75993305
  -3.05321355
  -2.86090138
  -2.76484633
  -3.10450152
  -2.66422608
  -3.14571863
  -2.68892824
  -3.19543231
  -3.06177934
  -2.91224571
  -3.32760312
  -2.77357091
  -3.22944693
  -2.86106109
  -2.77134654
  -3.23232344
  -2.71284062
  -3.15764922
  -2.90287277
  -2.72446723
  -3.24006008
  -2.74316763
  -2.89174393
  -3.05992370
  -2.65710579
  -3.07576914
  -2.85008165
  -2.63600239
  -3.13438447
  -2.74396368
  -2.63085938
  -3.13167444
  -2.68557347
  -2.60664204
  -3.08610871
  -2.62735988
  -2.55034933
  -3.04518545
  -2.61802648
  -2.51759406
  -2.99921918
  -2.62196581
  -2.46234506
  -2.88254270
  -2.68663823
  -2.47660954
  -2.69550054
  -2.87329269
  -2.51728480
  -2.48899060
  -2.96479495
  -2.61026933
  -2.47495982
  -2.70025602
  -2.84133798
  -2.50239529
  -2.41667199
  -2.74491916
  -2.65943275
  -2.39903441
  -2.33158144
  -2.61729225
  -2.61448646
  -2.32733468
  -2.22842917
  -2.24873160
  -2.71005342
  -2.32393237
  -2.16530494
  -2.12520655
  -2.29697989
  -2.51469308
  -2.18446458
  -2.04278766
  -1.99571741
  -2.00560792
  -2.47029731
  -2.13281160
  -1.94703716
  -1.86541978
  -1.84496722
  -1.85307873
  -2.32270641
  -1.98080428
  -1.78540789
  -1.68964065
  -1.65117316
  -1.64556983
  -1.65078927
  -2.14087422
  -1.79692532
  -1.59694487
  -1.49143135
  -1.43844277
  -1.41913274
  -1.41911368
  -1.42503080
  -1.80896269
  -1.69292033
  -1.39459431
  -1.27052811
  -1.17600694
  -1.11003386
  -1.09056826
  -1.10066136
  -1.12031908
  -1.13686881
  -1.15675672
  -1.65317089
  -1.17317333
  -1.00315227
  -1.04290053
  -1.00441094
  -0.96404435
  -0.94813982
  -0.94676939
  -0.95243851
  -0.96001961
  -0.96438544
  -0.96447649
  -1.44557304
  -1.20194840
  -0.90158445
  -0.80631620
  -0.81950682
  -0.85760713
  -0.80138280
  -0.77046406
  -0.75319786
  -0.74511727
  -0.74172713
  -0.74029525
  -0.73912903
  -0.73708993
  -0.73315930
  -0.72706226
  -0.71878465
  -1.50018263
  -0.79786984
   0.00000000
  -0.08321488
  -2.08631310
  -2.93124238
  -3.61150279
  -2.96892721
  -2.21453322
  -1.79138418
  -1.51636923
  -1.30984396
  -0.53998952
  -2.42939311
  -0.65715375
  -0.54192068
  -0.51299714
  -0.49576895
  -0.45226556
  -0.45067561
  -0.44246040
  -0.38585137
  -0.39387918
  -0.38739550
  -0.05183557
  -0.05893332
  -0.17093782
  -0.24140674
  -0.04802854
  -0.06636334
  -0.36991700
  -0.38438141
  -0.32772695
  -0.37665965
  -0.32115366
  -0.27731535
  -0.22036630
  -0.15412369
  -0.10572949
  -0.05251205
  -0.02336373
  -0.00372993
  -0.00000635
   0.00000000
   0.00000000
   0.00000000
   0.00000000
   0.00000000
   0.00000000
   0.00000000
   0.00000000
   0.00000000
   0.00000000
   0.00000000
   0.00000000
   0.00000000
   0.00000000
   0.00000000
   0.00000000
   0.00000000
   0.00000000
   0.00000000
   0.00000000
   0.00000000
   0.00000000
   0.00000000
   0.00000000
   0.00000000
   0.00000000
   0.00000000
   0.00000000
   0.00000000
   0.00000000
   0.00000000
   0.00000000
   0.00000000
   0.00000000
   0.00000000
   0.00000000
   0.00000000
   0.00000000
   0.00000000
   0.00000000
   0.00000000
   0.00000000
   0.00000000
   0.00000000
   0.00000000
   0.00000000
   0.00000000
   0.00000000
   0.00000000
   0.00000000
   0.00000000
   0.00000000
   0.00000000
   0.00000000
   0.00000000
   0.00000000
   0.00000000
   0.00000000
   0.00000000
   0.00000000
   0.00000000
   0.00000000
   0.00000000
   0.00000000
   0.00000000
