   0.00000000
   0.00000000
   0.76434311
   2.76832816
   0.09637316
   0.00000000
   0.36378742
   1.26861548
   1.94665128
   1.26400876
   0.06580618
   0.00000000
   0.00000000
   0.07276867
   0.87266817
   1.54356577
   2.24698188
   1.83010327
   1.18444700
   0.36385257
   0.00460872
   0.01250850
   0.82325420
   1.95762975
   1.88321066
   1.37675105
   0.83063958
   0.41776113
   0.43405581
   1.00565187
   1.93486578
   1.84474688
   1.69196340
   1.63592146
   1.83275679
   1.97122613
   1.72026418
   1.84945063
   1.91923045
   1.46430189
   1.67270168
   1.94932645
   2.23840360
   2.01581893
   2.49356660
   2.40879928
   2.66165244
   2.61800707
   2.32838856
   2.48682128
   1.92852588
   1.98381661
   1.98506978
   1.74869352
   1.84023580
   2.19246168
   1.98664723
   1.96982924
   2.40039715
   2.04662934
   2.34871138
   2.15469454
   2.48459055
   2.35017979
   2.63754470
   2.35432180
   2.47962026
   2.38308558
   2.45124644
   2.51459513
   2.31020437
   2.60106652
   2.34335360
   2.57146212
   2.16214893
   2.35361466
   1.98395010
   1.90504158
   2.02611327
   1.50677976
   1.35240028
   1.32898733
   1.28623169
   1.51389417
   1.48406333
   1.41940465
   1.43764585
   1.50623245
   1.68472366
   2.14118019
   1.89321495
   1.93703217
   2.24024635
   1.92850514
   2.22576722
   2.01063439
   1.78448265
   2.02178566
   1.86440625
   1.70527480
   1.73767529
   2.11103624
   1.82728533
   1.72438110
   2.02190969
   1.94580482
   1.74826725
   1.79238887
   2.08268168
   1.72935976
   1.62777764
   1.82530656
   1.81036938
   1.57599678
   1.51381169
   1.54064904
   1.90452974
   1.65942078
   1.52676677
   1.50525219
   1.65942020
   1.86129910
   1.61643330
   1.55535406
   1.59263371
   1.95728588
   1.70861030
   1.61557457
   1.64442016
   2.00762650
   1.77237708
   1.66936467
   1.71877660
   2.03922854
   1.70832960
   1.62513844
   1.74205823
   1.92210892
   1.64204557
   1.55896848
   1.58279588
   1.92719920
   1.64559390
   1.54234431
   1.54147514
   1.78755775
   1.80445885
   1.60242379
   1.55171778
   1.60668591
   1.93486961
   1.62126141
   1.53608618
   1.54333948
   1.85029585
   1.67461333
   1.52468410
   1.49092661
   1.53147347
   1.88209163
   1.60839962
   1.49498639
   1.46982155
   1.53944480
   1.83423408
   1.54574605
   1.45755507
   1.45197365
   1.49932726
   1.85626252
   1.55814767
   1.46689702
   1.45544985
   1.49875875
   1.84345222
   1.53408041
   1.41479893
   1.36391948
   1.34452046
   1.70331910
   1.51442557
   1.34118411
   1.26206890
   1.24878440
   1.27289342
   1.31501312
   1.71938436
   1.42961464
   1.32188864
   1.29895246
   1.32240576
   1.36338254
   1.74217787
   1.50901335
   1.40447862
   1.38408880
   1.40758785
   1.64850361
   1.66990305
   1.48089640
   1.41741676
   1.42672872
   1.56262586
   1.74721290
   1.50015650
   1.41695622
   1.40517229
   1.43563357
   1.78495311
   1.50787212
   1.39799878
   1.36080496
   1.38029269
   1.58944159
   1.60985786
   1.41752467
   1.33849830
   1.32169222
   1.34621720
   1.59458095
   1.54682178
   1.37884271
   1.29999502
   1.28048830
   1.30189507
   1.45378667
   1.59126045
   1.37055258
   1.27007117
   1.23199104
   1.24012459
   1.26112453
   1.55885947
   1.46620026
   1.29553062
   1.18628870
   1.09073003
   1.01628069
   0.97266653
   0.94601212
   1.16937242
   1.23989769
   0.97579242
   0.88157854
   0.83641979
   0.89225716
   0.88151181
   0.85070056
   0.83857539
   0.84118530
   0.85179766
   0.86598288
   0.88038660
   0.89252895
   1.10247640
   1.20279658
   0.90270547
   0.79259265
   0.81448229
   0.80479254
   0.76458900
   0.74310599
   0.73352520
   0.73046183
   0.72978063
   0.72863071
   0.72601249
   0.71986281
   1.05161399
   1.08303915
   0.75850830
   0.64018982
   0.50693545
   0.35093096
   0.94403411
   1.91669103
   3.08432980
   1.99799026
   1.33563611
   0.92356255
   0.84808467
   0.88641719
   1.02219939
   1.52083502
   1.09569088
   1.01952323
   0.64609124
   0.20900149
   0.10771537
   0.54764136
   1.04820193
   0.48266788
   0.74265614
   0.61138616
   0.83356866
   0.92810121
   0.70827538
   0.96400890
   1.31468676
   0.96962507
   1.35415409
   2.02161513
   0.69451804
   0.31126743
   0.17824751
   0.26555509
   0.30062294
   0.73759417
   0.55577078
   0.51968121
   0.68089051
   0.53636231
   0.60090653
   0.41025603
   0.17662037
   0.00592922
   0.04719921
   0.10778463
   0.09036269
   0.06042457
   0.04300503
   0.00000000
   0.04517769
   0.43188393
   0.36813200
   0.05322301
   0.05358054
   0.40856377
   0.55501742
   0.49854101
   0.34435505
   0.14178766
   0.21972011
   0.20795147
   0.10069506
   0.09211794
   0.01713291
   0.00000000
   0.00000000
   0.00000000
   0.00000000
   0.00000000
   0.00000000
   0.00000000
   0.00000000
   0.00000000
   0.00000000
   0.00000000
   0.00000000
   0.00000000
   0.00000000
   0.00000000
   0.00000000
   0.00000000
   0.00000000
   0.00000000
   0.00000000
   0.00000000
   0.00000000
   0.00000000
   0.00000000
   0.00000000
   0.00000000
   0.00000000
   0.00000000
   0.00000000
   0.00000000
   0.00000000
   0.00000000
   0.00000000
   0.00000000
   0.00000000
   0.00000000
   0.00000000
   0.00000000
   0.00000000
   0.00000000
   0.83386348
   2.60798521
   1.99862222
   2.24012053
   2.30475965
   2.47819497
   2.54066382
   2.67115231
   2.69751265
   2.19050607
   2.35160383
   2.03541798
   1.88304667
   2.14060215
   1.88123567
   2.00315062
   2.40909251
   2.13122441
   2.44140689
   1.99966405
   2.20833443
   1.87226236
