   0.00000000
   0.00000000
  -1.70890609
  -4.24765817
  -0.11077762
   0.00000000
  -0.52544261
  -1.68998099
  -2.73786160
  -1.54101053
  -0.07389231
   0.00000000
   0.00000000
  -0.09280110
  -1.11219780
  -2.02398761
  -2.88500289
  -2.28602432
  -1.41646182
  -0.41588588
  -0.00516332
  -0.01427443
  -0.99668779
  -2.44654133
  -2.32866815
  -1.65645884
  -0.96444494
  -0.47480145
  -0.49525078
  -1.20284876
  -2.37788894
  -2.27440258
  -2.10725891
  -2.06393360
  -2.32275432
  -2.46703106
  -2.15934152
  -2.37209673
  -2.34855899
  -1.77729292
  -2.11043382
  -2.51907808
  -2.85561442
  -2.62983040
  -3.33775340
  -3.31180274
  -3.67303296
  -3.54901406
  -3.12557063
  -3.31896758
  -2.50133926
  -2.54962193
  -2.53236951
  -2.15864602
  -2.33483952
  -2.78676961
  -2.52497129
  -2.56618337
  -3.13452025
  -2.67368312
  -3.04543792
  -2.81126725
  -3.31663573
  -3.16892037
  -3.57757375
  -3.18418593
  -3.28212334
  -3.18810608
  -3.26811827
  -3.38502233
  -3.07689749
  -3.49623091
  -3.16550559
  -3.48992650
  -2.97389204
  -3.10818671
  -2.67953934
  -2.59350969
  -2.84472052
  -1.96251804
  -1.70408194
  -1.63746385
  -1.62489645
  -1.82966330
  -1.75766720
  -1.69818029
  -1.74714154
  -1.87023843
  -2.15524836
  -2.74425524
  -2.42826505
  -2.51086584
  -2.86722644
  -2.47712366
  -2.86287994
  -2.53726296
  -2.25782923
  -2.55125728
  -2.30992650
  -2.12220372
  -2.19711760
  -2.66216720
  -2.27867123
  -2.17541697
  -2.57689656
  -2.43119414
  -2.19415982
  -2.28345038
  -2.61792371
  -2.14609246
  -2.03890601
  -2.30404737
  -2.23561300
  -1.92950413
  -1.86268792
  -1.91479211
  -2.36600361
  -2.02502102
  -1.86741070
  -1.86083855
  -2.08112298
  -2.29680560
  -1.97652102
  -1.92101614
  -1.99561769
  -2.44612127
  -2.09653558
  -2.00056838
  -2.07106384
  -2.52511109
  -2.18716983
  -2.08099700
  -2.17489106
  -2.55900748
  -2.10547310
  -2.02748229
  -2.22511869
  -2.40033827
  -2.01347198
  -1.92589344
  -1.98687982
  -2.42511456
  -2.00631846
  -1.88753537
  -1.90975558
  -2.24113097
  -2.21608999
  -1.96339292
  -1.92037181
  -2.02131916
  -2.41818756
  -1.97661531
  -1.88477749
  -1.92922541
  -2.36151829
  -2.05270286
  -1.85691911
  -1.82723265
  -1.90131423
  -2.34117200
  -1.95219288
  -1.82577004
  -1.81871568
  -1.95598052
  -2.29319956
  -1.87065184
  -1.76971905
  -1.78121918
  -1.86436362
  -2.29110674
  -1.88498825
  -1.78612762
  -1.79068993
  -1.87276208
  -2.31474892
  -1.92982796
  -1.83717916
  -1.80322889
  -1.73537163
  -2.13975172
  -1.82933750
  -1.60842113
  -1.50805473
  -1.49898410
  -1.53748960
  -1.60019767
  -2.08588441
  -1.71551499
  -1.58949351
  -1.57385958
  -1.61818352
  -1.68612987
  -2.14860297
  -1.82125970
  -1.69749606
  -1.68915423
  -1.73906357
  -2.05426937
  -2.03224576
  -1.78941789
  -1.72419287
  -1.75711217
  -1.95257990
  -2.14062870
  -1.80813289
  -1.71820027
  -1.71893073
  -1.78930472
  -2.21421549
  -1.81226341
  -1.68449018
  -1.64994470
  -1.70011746
  -1.99653730
  -1.95693217
  -1.69681379
  -1.61045352
  -1.60062224
  -1.65462375
  -2.00544629
  -1.86952344
  -1.64655241
  -1.55954253
  -1.54567349
  -1.60331508
  -1.85240367
  -1.97220089
  -1.64612528
  -1.51521802
  -1.47469936
  -1.50979126
  -1.61895383
  -2.04564607
  -1.90928174
  -1.77373771
  -1.70382634
  -1.58921707
  -1.45028489
  -1.33853569
  -1.25056954
  -1.46313617
  -1.47704060
  -1.13876229
  -1.03054063
  -0.97702637
  -1.04108864
  -1.03206459
  -0.99419360
  -0.97784335
  -0.98151315
  -0.99572617
  -1.01398037
  -1.03235641
  -1.04808301
  -1.29650341
  -1.40925519
  -1.05238851
  -0.92305145
  -0.94878020
  -0.93725915
  -0.89071341
  -0.86609601
  -0.85524700
  -0.85186888
  -0.85114968
  -0.84978636
  -0.84762502
  -0.84258218
  -1.22546029
  -1.25236606
  -0.87353647
  -0.73575451
  -0.58216772
  -0.40652862
  -1.09732079
  -2.22411539
  -3.49948649
  -2.18092366
  -1.40212507
  -0.94068052
  -0.84880695
  -0.87846090
  -0.99897896
  -1.49292663
  -1.05602169
  -0.96493605
  -0.59900426
  -0.18250581
  -0.09125707
  -0.47034101
  -0.90226962
  -0.41521945
  -0.63625839
  -0.51832111
  -0.69882728
  -0.77289666
  -0.58648943
  -0.78071084
  -1.05984373
  -0.78481835
  -1.04808033
  -1.54964759
  -0.56340022
  -0.24682972
  -0.13810998
  -0.20106183
  -0.22215449
  -0.51047463
  -0.38197058
  -0.35360874
  -0.44888297
  -0.35504884
  -0.39780071
  -0.27046020
  -0.11523181
  -0.00379433
  -0.02746276
  -0.05699288
  -0.04799281
  -0.03234600
  -0.02315165
   0.00000000
  -0.02453150
  -0.23420635
  -0.19794973
  -0.02840580
  -0.02855882
  -0.21645040
  -0.29095659
  -0.25804056
  -0.17679743
  -0.07272093
  -0.11329297
  -0.10671960
  -0.05098778
  -0.04589429
  -0.00833459
   0.00000000
   0.00000000
   0.00000000
   0.00000000
   0.00000000
   0.00000000
   0.00000000
   0.00000000
   0.00000000
   0.00000000
   0.00000000
   0.00000000
   0.00000000
   0.00000000
   0.00000000
   0.00000000
   0.00000000
   0.00000000
   0.00000000
   0.00000000
   0.00000000
   0.00000000
   0.00000000
   0.00000000
   0.00000000
   0.00000000
   0.00000000
   0.00000000
   0.00000000
   0.00000000
   0.00000000
   0.00000000
   0.00000000
   0.00000000
   0.00000000
   0.00000000
   0.00000000
   0.00000000
   0.00000000
   0.00000000
  -1.15950483
  -3.40502763
  -2.49086151
  -2.77586536
  -2.99419134
  -3.41933754
  -3.57062419
  -3.69111196
  -3.68865969
  -2.89440091
  -3.03120800
  -2.60472720
  -2.39345111
  -2.68520043
  -2.37528210
  -2.60519676
  -3.14934496
  -2.82538218
  -3.19883545
  -2.59926524
  -2.84848390
  -2.33196100
