    0.000
    0.000
    0.003
    0.004
    0.003
    0.000
    0.000
    0.001
    0.003
    0.001
    0.001
    0.000
   -0.000
   -0.000
    0.001
    0.002
    0.003
    0.003
    0.003
    0.002
    0.002
    0.002
    0.002
    0.003
    0.003
    0.004
    0.003
    0.003
    0.003
    0.003
    0.003
    0.004
    0.005
    0.005
    0.006
    0.006
    0.007
    0.008
    0.007
    0.007
    0.008
    0.009
    0.010
    0.011
    0.013
    0.015
    0.017
    0.018
    0.019
    0.019
    0.020
    0.020
    0.021
    0.021
    0.022
    0.023
    0.024
    0.025
    0.026
    0.027
    0.028
    0.030
    0.030
    0.031
    0.032
    0.034
    0.034
    0.035
    0.036
    0.038
    0.038
    0.039
    0.040
    0.040
    0.040
    0.040
    0.040
    0.041
    0.041
    0.042
    0.041
    0.039
    0.039
    0.039
    0.040
    0.040
    0.039
    0.040
    0.041
    0.042
    0.043
    0.044
    0.043
    0.044
    0.043
    0.043
    0.044
    0.042
    0.041
    0.042
    0.043
    0.044
    0.044
    0.045
    0.045
    0.045
    0.045
    0.046
    0.047
    0.046
    0.046
    0.045
    0.044
    0.044
    0.044
    0.045
    0.045
    0.043
    0.042
    0.043
    0.044
    0.044
    0.045
    0.046
    0.046
    0.047
    0.046
    0.046
    0.047
    0.048
    0.047
    0.047
    0.048
    0.049
    0.049
    0.049
    0.048
    0.048
    0.048
    0.047
    0.047
    0.047
    0.048
    0.049
    0.048
    0.048
    0.048
    0.049
    0.050
    0.046
    0.045
    0.045
    0.046
    0.047
    0.046
    0.046
    0.046
    0.047
    0.047
    0.045
    0.044
    0.045
    0.046
    0.046
    0.047
    0.047
    0.048
    0.047
    0.047
    0.046
    0.046
    0.046
    0.046
    0.045
    0.046
    0.046
    0.045
    0.045
    0.046
    0.045
    0.044
    0.045
    0.044
    0.044
    0.044
    0.045
    0.045
    0.046
    0.046
    0.045
    0.045
    0.046
    0.046
    0.047
    0.047
    0.048
    0.046
    0.047
    0.047
    0.048
    0.048
    0.047
    0.047
    0.045
    0.043
    0.043
    0.043
    0.044
    0.044
    0.045
    0.044
    0.044
    0.044
    0.045
    0.045
    0.045
    0.046
    0.044
    0.043
    0.042
    0.042
    0.041
    0.039
    0.039
    0.039
    0.040
    0.039
    0.036
    0.033
    0.033
    0.034
    0.034
    0.034
    0.035
    0.035
    0.035
    0.034
    0.034
    0.034
    0.034
    0.035
    0.032
    0.030
    0.029
    0.025
    0.024
    0.024
    0.021
    0.019
    0.019
    0.019
    0.019
    0.019
    0.019
    0.018
    0.018
    0.018
    0.018
    0.018
    0.019
    0.019
    0.019
    0.018
    0.017
    0.017
    0.018
    0.018
    0.018
    0.018
    0.018
    0.028
    0.050
    0.068
    0.082
    0.093
    0.107
    0.119
    0.127
    0.132
    0.132
    0.132
    0.137
    0.147
    0.162
    0.175
    0.183
    0.187
    0.187
    0.187
    0.187
    0.186
    0.184
    0.183
    0.182
    0.180
    0.180
    0.179
    0.176
    0.174
    0.173
    0.171
    0.171
    0.170
    0.169
    0.169
    0.167
    0.167
    0.165
    0.164
    0.163
    0.161
    0.159
    0.157
    0.155
    0.153
    0.151
    0.149
    0.147
    0.147
    0.145
    0.143
    0.142
    0.141
    0.139
    0.139
    0.137
    0.137
    0.136
    0.135
    0.133
    0.130
    0.128
    0.126
    0.123
    0.121
    0.119
    0.116
    0.114
    0.112
    0.111
    0.110
    0.110
    0.108
    0.104
    0.100
    0.098
    0.096
    0.094
    0.090
    0.087
    0.087
    0.086
    0.084
    0.082
    0.079
    0.080
    0.080
    0.077
    0.077
    0.077
    0.077
    0.077
    0.077
    0.074
    0.062
    0.071
    0.072
    0.072
    0.072
    0.072
    0.072
    0.071
    0.070
    0.069
    0.069
    0.070
    0.071
    0.072
    0.073
    0.073
    0.074
    0.075
    0.076
    0.077
    0.078
    0.076
    0.075
    0.075
    0.069
    0.069
    0.070
    0.071
    0.072
    0.073
    0.069
    0.058
    0.058
    0.053
    0.053
