   0.00000000
   0.00000000
  -1.71676490
  -4.26362473
  -0.09522227
   0.00000000
  -0.23063084
  -3.58312313
  -4.24540792
  -2.65515899
  -1.22581913
  -0.35876751
  -0.01425956
  -0.77649823
  -2.43627240
  -2.96795952
  -3.55833845
  -3.08789016
  -2.40086530
  -1.21950127
  -0.52791089
  -0.33039676
  -1.47362928
  -2.50685028
  -3.05938873
  -2.25283965
  -1.54980280
  -1.48626954
  -1.40672578
  -1.64156484
  -2.05725912
  -2.26723805
  -2.82206743
  -2.84771170
  -2.77417824
  -2.98232996
  -2.73377953
  -3.34433197
  -2.53681778
  -2.68572984
  -2.59716900
  -2.99802861
  -3.33750946
  -3.41005752
  -3.72817039
  -4.21053604
  -4.31100426
  -3.99386954
  -3.98730123
  -3.77346718
  -3.04878425
  -3.15663921
  -2.76727238
  -2.50306006
  -3.12816588
  -2.81221105
  -3.17636223
  -3.05036820
  -3.55579046
  -3.17547884
  -3.39600550
  -3.36741214
  -3.56457020
  -3.91347919
  -3.97540683
  -3.80169545
  -3.45655394
  -3.76899263
  -3.78944676
  -3.54986964
  -3.69802504
  -3.86453529
  -3.82372717
  -3.57396366
  -3.75722884
  -3.31811270
  -3.31224645
  -3.06217463
  -3.77074426
  -2.45593722
  -2.14180565
  -2.34049275
  -2.18281798
  -1.86459030
  -1.78066842
  -1.85826905
  -2.03962518
  -2.63700108
  -2.60686871
  -2.69250196
  -3.14233880
  -2.86471892
  -3.27175165
  -2.90740754
  -3.21946576
  -2.75500072
  -3.07428169
  -2.49699633
  -2.56886529
  -2.83504070
  -2.48662774
  -2.84563168
  -2.71342045
  -2.53387623
  -3.00524220
  -2.57833550
  -2.83670114
  -2.75315888
  -2.47644486
  -2.92394502
  -2.47474983
  -2.28851719
  -2.66307117
  -2.37834108
  -2.16335114
  -2.24245137
  -2.64935601
  -2.22510643
  -2.16383153
  -2.60595038
  -2.34133867
  -2.20497402
  -2.39705643
  -2.65132172
  -2.28845975
  -2.35957499
  -2.77609684
  -2.36782640
  -2.41470638
  -2.84858639
  -2.43950409
  -2.51519180
  -2.85584613
  -2.40371483
  -2.66517603
  -2.64467433
  -2.31156442
  -2.52708116
  -2.64755511
  -2.24933480
  -2.27623633
  -2.72392665
  -2.26229054
  -2.19380194
  -2.61146039
  -2.43194007
  -2.24328725
  -2.46900511
  -2.60056526
  -2.25129445
  -2.31046031
  -2.70655943
  -2.25778934
  -2.19033181
  -2.68904474
  -2.33519087
  -2.14235926
  -2.22704448
  -2.62432435
  -2.20517815
  -2.13598232
  -2.59471520
  -2.34368415
  -2.12334157
  -2.12374218
  -2.58694583
  -2.19828666
  -2.08572651
  -2.17365267
  -2.58168218
  -2.16827863
  -2.09700469
  -2.41223787
  -2.38920359
  -2.15453614
  -2.22851575
  -2.58397964
  -2.26334668
  -1.97530277
  -1.87993295
  -1.89583422
  -2.31954378
  -1.95837528
  -1.81391408
  -1.81320266
  -1.91089221
  -2.35975451
  -1.97130421
  -1.89582143
  -1.94118913
  -2.34725162
  -2.17073851
  -1.99883323
  -2.01484986
  -2.38222603
  -2.27215668
  -2.06643134
  -2.05897578
  -2.48104475
  -2.24872613
  -2.05838287
  -2.08407432
  -2.52246159
  -2.17476585
  -2.03744354
  -2.07766178
  -2.51881482
  -2.12155708
  -1.99059237
  -2.03641320
  -2.47098589
  -2.09652373
  -1.95387415
  -1.95753632
  -2.38445835
  -2.13335071
  -1.93725194
  -1.90172089
  -2.05227925
  -2.37108564
  -1.95827467
  -1.86609969
  -1.90208000
  -2.33320968
  -2.04715680
  -1.85496695
  -1.80889982
  -1.88367266
  -2.32526377
  -1.94050857
  -1.79707585
  -1.81840867
  -1.97177570
  -2.48022430
  -2.65769260
  -2.87223033
  -2.39380037
  -2.04604605
  -1.92095769
  -1.47354688
  -1.33757112
  -1.26382395
  -1.31876526
  -1.31982786
  -1.29604837
  -1.30146813
  -1.32631807
  -1.35869543
  -1.45310678
  -1.76298309
  -1.39964880
  -1.29070447
  -1.22566907
  -1.21198454
  -1.22908191
  -1.25841638
  -1.28185118
  -1.69904635
  -1.47848095
  -1.23429772
  -1.15853562
  -1.11947147
  -1.13804135
  -1.19751147
  -1.26317011
  -1.48857882
  -2.37601217
  -1.78974721
  -1.07274519
  -0.85719665
  -0.52901079
  -0.15657334
  -4.78074415
  -2.53144320
  -1.32098984
  -1.43674613
  -1.03337075
  -0.73502915
  -0.41937162
  -0.06350266
  -0.00129070
  -0.13649715
  -0.59357700
  -0.60250502
  -0.74925271
  -0.55137923
  -0.00733683
  -1.58526321
  -0.10640233
  -0.08384032
  -0.64730244
  -0.93733899
  -0.88034550
  -0.28557035
  -0.47930852
  -0.59173325
  -0.43385609
  -0.88437079
  -1.34925405
  -0.94332346
  -0.71250786
  -0.20709028
  -0.05746512
  -0.02494470
  -0.26930564
  -0.40787810
  -0.35618366
  -0.69624797
  -0.09019614
  -0.12781198
  -0.23112841
  -0.32412048
  -0.43253127
  -0.37389553
  -0.44000814
  -0.52262001
  -0.09803305
  -0.24136986
  -0.38080114
  -0.29331998
  -0.30922819
  -0.30629552
  -0.55544168
  -0.66821994
  -0.54231466
  -0.53363830
  -0.12975076
  -0.51346459
  -0.61746447
  -0.55664529
  -0.78059683
  -0.67962220
  -0.47266835
  -0.36182024
  -0.20787915
  -0.22393238
  -0.19091845
  -0.23788836
  -0.18338504
  -0.04876215
   0.00000000
   0.00000000
  -0.13491939
  -0.07672627
   0.00000000
   0.00000000
   0.00000000
   0.00000000
   0.00000000
   0.00000000
   0.00000000
   0.00000000
   0.00000000
   0.00000000
   0.00000000
   0.00000000
   0.00000000
   0.00000000
   0.00000000
   0.00000000
   0.00000000
   0.00000000
   0.00000000
   0.00000000
   0.00000000
   0.00000000
   0.00000000
   0.00000000
   0.00000000
   0.00000000
   0.00000000
   0.00000000
   0.00000000
   0.00000000
   0.00000000
   0.00000000
   0.00000000
   0.00000000
   0.00000000
   0.00000000
   0.00000000
   0.00000000
  -0.02091166
  -3.10818241
  -3.99840297
  -3.75487643
  -3.22741720
  -3.10246669
  -2.78855250
  -2.98527919
  -2.41637130
  -2.74213933
  -2.87987225
  -2.85754608
  -3.29493189
  -3.06849787
  -3.16933157
  -2.80295415
  -3.00374013
