  -22.726004000000000        0.0000000000000000     
  -22.635417666666669       -32.195926849716500     
  -25.206561999999998       -37.193969652284181     
  -26.950531000000002       -38.677509018736941     
  -28.249473666666670       -46.558327570545771     
  -28.161396333333336       -42.370798877084042     
  -30.705287999999999       -48.327049393842174     
  -30.720281000000000       -45.812398346521576     
  -26.465325000000000       -25.528044236722877     
  -28.006167999999999       -35.597621175587591     
  -23.782913666666669       -28.963214040283901     
  -22.008260000000000       -28.871625189074109     
  -26.123971000000001       -43.657936264436103     
  -29.542007666666667       -42.914092448033955     
  -30.290126999999998       -48.076667398638762     
  -25.788636000000000       -32.176499527325348     
  -30.340434666666667       -50.655776807432545     
  -31.871284333333335       -50.428587399357468     
  -30.484141999999999       -39.929975856218846     
  -24.435565666666669       -22.217874668043180     
  -24.864885999999998       -25.888141391561760     
  -29.886054999999999       -42.342615716795052     
  -29.280063333333334       -44.927043575998795     
  -30.373736333333333       -44.874837652887948     
  -31.438551000000000       -50.168293117395621     
  -31.712086333333335       -45.897297377934109     
  -33.088594000000001       -46.883535146645727     
  -30.329214000000000       -26.361728485570893     
  -24.956065666666667       -34.806641668563742     
  -22.547332999999998       -22.718684012647373     
  -21.382902999999999       -21.201310907631296     
  -29.892316000000001       -50.016064331544243     
  -30.159988666666663       -43.294018852114391     
  -28.224159000000000       -37.460636685661967     
  -26.944798666666671       -31.857319523043458     
  -27.232936333333335       -35.163462746343441     
  -26.959942999999999       -37.631294048793507     
  -31.280858000000002       -43.890767983295746     
  -32.740210666666663       -50.908093787528202     
  -30.728915000000001       -43.210073496334218     
  -30.425870666666668       -45.361293678458821     
  -28.100683000000000       -30.986501786329796     
  -26.195841000000001       -26.161705153924174     
  -25.397563333333334       -23.630953845553222     
  -26.759526666666666       -42.571084690389597     
  -30.320830000000001       -51.740959238274257     
  -31.653042333333335       -49.670376264291491     
  -27.614871333333333       -42.989134853303852     
  -23.629342999999999       -22.823093501157473     
  -29.857885000000003       -46.300890246801373     
  -28.852428666666668       -40.040384691384986     
  -26.228957999999999       -35.565130153079167     
  -27.953217333333335       -40.622283764423145     
  -28.468450666666669       -35.818104171691658     
  -29.732337999999999       -47.454857435764922     
  -30.975298666666667       -47.523311859117712     
  -30.324682666666668       -46.686955991573541     
  -30.484601999999999       -39.579764165371785     
  -18.347661000000002       -12.582646307034736     
  -20.158350666666667       -22.992365343110407     
  -25.902106000000000       -25.982064267081853     
  -17.584273000000003       -21.016551401627567     
  -18.512768666666666       -23.360625959133927     
  -24.121400000000001       -39.168034255304434     
  -25.571526333333338       -33.646928829171401     
  -26.859285000000000       -31.339021921790930     
  -27.240732999999999       -41.820968774401365     
  -29.631259333333333       -42.453463762390982     
  -28.871893000000000       -37.339594051739908     
  -28.509146000000001       -35.098946051341699     
  -24.260046333333335       -23.204555882064795     
  -23.290317000000002       -19.681868256589212     
  -21.076046999999999       -26.923689221752340     
  -24.899988333333333       -40.028540415076066     
  -28.632801000000001       -41.822941243533677     
  -29.617028000000001       -34.481778018001734     
  -27.795360666666667       -32.749519301243225     
  -26.948207333333333       -35.987354447231723     
  -22.959291000000000       -17.794348365756917     
  -20.979485333333336       -17.335785668613141     
  -19.946527333333332       -15.755855517281532     
  -23.632932000000000       -33.215468089677472     
  -24.369047333333334       -31.798042220904932     
  -24.622644999999999       -25.993737785317705     
  -22.306152000000001       -26.269273796594490     
  -23.091636999999999       -22.889589377185274     
  -23.217715999999999       -19.036759739165632     
  -14.994178000000000       -5.9488571190189532     
  -11.582255333333334       -5.5833349504689522     
  -13.635283333333334       -11.290186568129002     
  -17.088988000000001       -13.388314397020963     
  -15.041791000000000       -11.519090846353890     
  -16.320534666666667       -11.486008421265296     
  -13.653456000000000       -9.6879388973802634     
  -13.096328000000002       -6.6023247449772953     
  -13.913068666666668       -13.633107017147324     
  -16.280306000000000       -11.175015205805437     
  -13.970553666666667       -10.059220301903395     
  -14.405154000000000       -12.598415399900034     
  -16.510469000000001       -18.127574511134981     
  -14.304069666666667       -7.1796598397706362     
  -13.637617000000001       -11.578757435757268     
  -13.606059000000000       -12.365828768618201     
  -13.561361666666667       -12.503976262536298     
  -14.267451999999999       -10.044401700512822     
  -16.144428000000001       -14.270227136741994     
  -16.561431333333335       -8.6390992043008623     
  -12.203310333333334       -8.4261712520089418     
  -14.657227000000001       -10.067141083207730     
  -15.388924333333334       -19.632794323495972     
  -13.500511666666666       -4.7742899352700761     
  -11.308883000000000       -8.6271962973707446     
  -11.083691666666667       -4.5765522691908700     
  -8.9006913999999995       -1.9932251961768657     
  -11.193318000000000       -11.326030736454697     
  -12.774724333333335       -16.446632538766153     
  -12.294243333333334       -6.7684606202075770     
  -12.305008000000001       -5.0462773125612443     
  -10.343438000000001       -5.7549674326645004     
  -11.812106000000000       -4.4563859323370707     
  -10.583959999999999      -0.32511647056657011     
  -1.9343031333333336        0.0000000000000000     
  -6.6031853333333341        0.0000000000000000     
  -1.5264200999999999        0.0000000000000000     
  -4.3329169000000007       -1.5626419049051492     
  -6.0322318333333333       -3.2589463136321797     
  -6.8399200000000002       -1.7885019434982610     
  -3.6034623666666672        0.0000000000000000     
  -7.1123711666666676       -2.1125250218214546     
  -5.8868692999999999       -1.5043946573195512     
  -6.2581187000000007       -1.4375315631619969     
  -8.3309618000000007       -4.5089226553794219     
  -5.3851053999999996       -1.0184013196222281     
  -7.0571906000000011       -1.4799214393747206     
  -6.3375471000000001       -2.1138572706577747     
  -6.4370636000000001       -8.4282426632796614E-002
  -4.5731703000000001        0.0000000000000000     
  -2.1638334333333336        0.0000000000000000     
  -2.7157165999999999        0.0000000000000000     
  -5.0330349333333340       -4.3950866909300998     
  -7.1400173333333328       -9.0526987309817173     
  -6.5641122999999997       -4.4537336352314583     
  -4.6523020666666666      -0.91813924705712679     
  -5.3914825666666673       -3.0263781789803375     
  -5.3004822000000003       -3.9265387084834629     
  -5.5302270000000009       -1.0558305207098897     
  -1.4328651000000001        0.0000000000000000     
  -2.1738784999999998        0.0000000000000000     
  -2.3842163333333333        0.0000000000000000     
  -1.5620500333333336        0.0000000000000000     
 -0.73918254000000005        0.0000000000000000     
 -0.94367879333333338        0.0000000000000000     
 -0.36377903000000000       -1.9835181898260998     
  -4.7598267000000000E-002 -0.14138425874801896     
  0.23225911333333335        0.0000000000000000     
  0.35251176333333334        0.0000000000000000     
  0.21796467999999999        0.0000000000000000     
  0.73636848000000010        0.0000000000000000     
  0.58696933333333334        0.0000000000000000     
  0.63617146999999996        0.0000000000000000     
  0.50653822333333332        0.0000000000000000     
  0.12218136333333333        0.0000000000000000     
  0.63247070000000005        0.0000000000000000     
  0.80729980666666679        0.0000000000000000     
  0.95479058000000006        0.0000000000000000     
  -4.0034992999999998E-002   0.0000000000000000     
   1.8194878333333335        0.0000000000000000     
  0.68966607000000002        0.0000000000000000     
   1.7886393000000000        0.0000000000000000     
  0.10606316333333334        0.0000000000000000     
   1.1336236000000000        0.0000000000000000     
  0.86890869000000004        0.0000000000000000     
   1.0225823000000001        0.0000000000000000     
   1.7378160333333335        0.0000000000000000     
  0.18371582000000000        0.0000000000000000     
  0.96600748333333342        0.0000000000000000     
  0.50032009333333327        0.0000000000000000     
   1.4091959999999999       -5.7439632430567114E-005
   1.3641432000000000       -5.7295804297752747E-005
  0.76591118333333341       -1.7266568455650134E-003
  0.78212890999999996       -8.8057480449238240E-004
  0.11351589333333334       -6.1885276049284039E-004
  0.63879937333333325       -5.7425102361653591E-005
  0.86470946999999998       -1.1043216196176286E-004
  0.93725586333333344       -5.7389763410969479E-005
  0.82815619666666662       -5.7402403486986088E-005
  0.89793498000000005       -5.7402208594825830E-005
  0.79911532666666674       -5.7414392751170361E-005
  0.86670464333333330       -5.7419735912604503E-005
  0.93127441000000000       -5.7419262380077843E-005
   1.0236246666666666       -5.7418025212727059E-005
  0.58106824999999995       -5.7417080111719554E-005
  0.61609700999999994       -5.7417596015543535E-005
  0.86158752666666671       -5.7414954310559920E-005
   1.0647871000000000       -5.7419855314543699E-005
  0.87630615000000001       -5.7425540570514539E-005
   1.2480726666666666       -5.7419583000761993E-005
  0.59962293666666666       -5.7425266522306483E-005
  0.71069336000000005       -5.7433589969923220E-005
  0.46007487000000002       -5.7426636199964911E-005
  0.44011502000000002       -5.7042848644703509E-005
  0.66738280999999999       -5.7039977929475131E-005
   4.0991210666666673E-002   0.0000000000000000     
  0.56054551666666663        0.0000000000000000     
  0.57432048000000002       -2.3520950147776386E-004
  0.46152988000000006       -1.2928078393836251E-003
   1.0384843666666668       -5.7427544134412059E-005
  0.84350586000000005       -5.7081802078442934E-005
  0.55676540666666663       -5.7075919759888970E-005
  0.27334527333333336        0.0000000000000000     
  -5.6778970999999998E-002   0.0000000000000000     
  0.55359564999999999       -5.3075619991110910E-005
  0.50093858666666669       -5.7428033699534150E-005
  0.37591553000000000       -5.7427897502826951E-005
  0.40829603333333336       -5.7404976994312703E-005
  0.36749929000000003       -5.7404968145293543E-005
  0.49378662000000001        0.0000000000000000     
  0.37390018333333341        0.0000000000000000     
  0.17118530333333334       -4.9917628608481325E-005
  0.52561391000000002       -5.3159439722877905E-005
  0.64158528666666670       -5.4240879120095638E-005
  0.42886996999999999        0.0000000000000000     
  0.91924642000000001       -5.1302775389019394E-005
   7.3237949333333330E-002   0.0000000000000000     
  0.93239271333333340       -5.4319884709564038E-005
  0.89400634999999995       -5.4941075063581410E-005
  0.18558180000000002       -5.5100168072751372E-005
  0.28092278333333331        0.0000000000000000     
  0.30919799999999997       -4.6703545212036993E-005
  0.48363902000000003       -5.2008583059501038E-005
  0.60559828000000004       -5.3276384165362380E-005
   6.4678446000000001E-002   0.0000000000000000     
 -0.53047689000000009        0.0000000000000000     
   1.0492808000000000       -5.2783088169264884E-005
 -0.26556090999999998        0.0000000000000000     
  -1.8846301666666667       -2.3019639845488200     
  -1.3489162666666665        0.0000000000000000     
 -0.74123433000000005        0.0000000000000000     
  -1.7769524666666667        0.0000000000000000     
 -0.44284125333333335        0.0000000000000000     
 -0.54965819999999999        0.0000000000000000     
  -1.0354532666666665        0.0000000000000000     
 -0.85557996666666658        0.0000000000000000     
  -1.8128447999999999        0.0000000000000000     
  -2.6508301000000003       -8.0374322486338201     
  -2.0343273666666666       -1.9463170676580717     
  -1.6253245000000001      -0.56421120385112999     
  -1.4863688333333336        0.0000000000000000     
  -1.0973917666666666      -0.81472063835900599     
  -4.4489614000000000       -13.134968894101064     
  -3.6340749000000003       -5.3674402475473357     
  -1.3909160666666667        0.0000000000000000     
 -0.99029540999999999        0.0000000000000000     
  -1.3945021000000000        0.0000000000000000     
  -1.2729404333333334        0.0000000000000000     
  -2.2156484000000001       -3.0134257552180657     
  -3.7088243666666667       -10.235208777281571     
  -5.3650983999999999       -9.5415384164769534     
  -6.4838703999999998       -8.3695519534504683     
  -5.4752614333333334       -7.2549497627717869     
  -4.8687567999999999       -1.4029574299957517     
  -2.0131668000000000       -1.3244220608000319     
  -1.9278653000000001      -0.59145905259924803     
  -3.4168196000000002       -4.1132216753263720     
  -4.6231119999999999       -6.6486251747682559     
  -6.4307999000000011       -6.8627222791012628     
  -6.9327185666666669       -7.4585397449630477     
  -5.2777979999999998       -1.8521286244549060     
  -3.1833075666666670        0.0000000000000000     
  -2.6238637333333337       -6.5476059910395179E-002
  -3.7168793000000000       -6.7449869543095815     
  -4.8078262333333335       -6.9288403340312357     
  -5.7237935666666662       -6.5088950109328607     
  -8.4761758999999994       -10.347387497801435     
  -8.2364122333333345       -9.3843696031584045     
  -8.3256473000000000       -11.065849887160255     
  -8.0044494999999998       -10.519403745734053     
  -8.2535349333333343       -10.741101166524174     
  -7.8905416000000006       -8.3633497986992325     
  -9.8588500999999997       -15.684325400661066     
  -4.8185926666666674       -2.4691676276621024     
  -6.5048316000000002       -10.999065178153046     
  -9.9139567000000000       -15.384221646582830     
  -11.922615000000000       -13.910703300457044     
  -11.069741666666665       -17.988745435654806     
  -14.725541000000000       -20.741340972869352     
  -14.485218333333334       -26.728869801945280     
  -18.108171666666667       -34.844361391713932     
  -18.506744000000001       -24.379250373031994     
  -17.052623333333337       -24.495612249290531     
  -17.231495666666667       -24.351501862141447     
  -12.518074000000000       -11.708272658655630     
  -12.800543666666668       -13.507558256801588     
  -9.5434834666666681       -5.6314101885656100     
  -10.493309000000000       -18.689489193957655     
  -12.042732333333333       -17.591309465473898     
  -14.878338333333332       -19.237490535529815     
  -13.650584000000000       -18.322315254408466     
  -15.831167666666667       -20.715573167754343     
  -17.489947999999998       -31.017754048261565     
  -17.100428999999998       -23.262732635258914     
  -15.660634333333334       -21.661082441335651     
  -19.791666666666668       -20.448905008610978     
  -20.364583000000000       -35.541844528413634     
  -20.748611333333336       -27.679326748122378     
  -18.211805666666667       -39.085899049501535     
  -19.587499999999999       -32.612497057790648     
  -19.176389000000000       -21.050295880621604     
  -22.045833333333334       -30.776708347427558     
  -21.312500000000000       -40.904084907552374     
  -19.840277666666669       -37.518862595767217     
  -24.488194333333333       -33.906119278923597     
  -20.562500000000000       -35.712720211037436     
  -31.709028000000004       -44.659434693948015     
  -27.068055666666666       -35.953025775206982     
  -17.937500000000000       -19.802305488298487     
  -15.091666666666669       -10.070355284083121     
  -17.929166666666667       -12.185377397490925     
  -13.287500000000000       -10.355463086698535     
  -9.1194444333333333        0.0000000000000000     
  -13.645833333333332       -34.962281938154121     
  -10.660417000000001       -9.1382327145215640     
  -15.029166666666667       -23.157165818645041     
  -7.5000000000000000       -7.7415178435477401     
  -15.312500000000000       -16.237135313540080     
  -13.850694333333333       -16.052357708595935     
  -17.437500000000000       -20.174823053699669     
  -15.437500000000000       -21.148501569269229     
  -18.441666666666670       -26.653912415821225     
  -23.170138999999999       -33.744371149023578     
  -26.083333000000000       -34.586696270386767     
  -29.834722000000003       -33.861635547417222     
  -23.515277666666666       -24.040066962305758     
  -26.418749999999999       -43.405466769730708     
  -24.848611000000002       -22.476559628751716     
  -24.447916666666664       -40.659082470985197     
  -20.220832999999999       -14.233140074056053     
  -15.265972333333334       -16.125826480812407     
  -16.672222333333334       -24.826240445730292     
  -19.725000000000001       -35.991308346525756     
  -24.215278000000001       -29.172802449786985     
  -22.500000000000000       -33.941860816524240     
  -23.362500000000001       -35.335050546211278     
  -23.886805666666667       -22.052788192339449     
  -24.250000000000000       -33.428208491704027     
  -29.020833000000000       -33.228727559604295     
  -25.677777666666667       -29.648150238417315     
  -21.588889000000002       -25.158576111005146     
  -28.795832999999998       -31.723860286971984     
  -23.007638666666669       -19.868610109044340     
  -18.506944333333333       -15.112525649546114     
  -17.437500000000000       -18.065517842547564     
  -18.937500000000000       -19.847623929611785     
  -23.595833333333335       -29.513039670254869     
  -20.754166999999999       -20.622354911937123     
  -24.809027666666669       -38.657929451194263     
  -19.119444333333334       -16.154951082039418     
  -25.433333000000001       -29.910910366770310     
  -26.558333333333337       -24.419568530025202     
  -25.615972333333332       -29.709676575762785     
  -26.062500000000000       -26.850487010788214     
  -35.129861000000005       -38.228180523528977     
  -33.115278000000004       -36.003717538518259     
  -27.610417000000002       -26.185972157123103     
  -26.761111000000003       -28.865575216585000     
  -30.559027666666669       -32.595257854847773     
  -29.437500000000000       -36.614993322220727     
  -24.182638666666669       -28.156854033192218     
  -25.698611000000000       -36.802815875825672     
  -27.000000000000000       -41.372174034738748     
  -27.430555666666667       -31.807989314377721     
  -28.539583333333333       -36.184057007299856     
  -24.350000000000001       -23.360024189198185     
  -24.259027666666668       -23.331289835646942     
  -27.533333333333331       -26.823170166669996     
  -30.520833000000000       -31.209841810912224     
  -30.113888666666668       -30.869135243468520     
  -28.976389000000001       -29.743768991747316     
  -23.899999999999999       -26.442117019694450     
  -26.963889000000002       -36.565270484034670     
  -25.437500000000000       -32.074432849202395     
  -22.827082999999998       -26.387888480377313     
  -22.312500000000000       -28.637820218254319     
  -29.937500000000000       -49.849887503206219     
  -26.170832999999998       -33.655814041018061     
  -29.260416666666671       -40.028257652338567     
  -28.740277666666664       -31.718798960431116     
  -27.212499999999999       -29.823748358359722     
  -27.894444333333333       -31.146586079265262     
  -24.917361333333332       -26.102087195628940     
  -27.312500000000000       -27.560459020709004     
  -22.144444333333336       -20.865201625691384     
  -32.763888999999999       -54.097077575595534     
  -25.852083000000000       -22.037352451020695     
  -19.506944666666669       -15.178668956344154     
  -30.736111000000001       -47.818416982485388     
  -15.750000000000000       -22.100001620030667     
  -33.110416666666666       -47.816796836166759     
  -29.858333333333334       -22.852906954929296     
  -21.135417000000000       -33.093927827616739     
  -26.250000000000004       -24.812357818470076     
  -27.113194333333333       -27.328744138207526     
  -25.024999999999999       -33.760779095377387     
  -29.940277999999999       -33.262775798649500     
  -25.469444333333332       -29.684093620397505     
  -27.093750000000000       -40.308519808592649     
  -29.813889000000003       -49.914743248008648     
  -31.532638666666667       -45.627899501504771     
  -29.562500000000000       -35.065372534546981     
  -25.335416666666667       -22.939868899765656     
  -31.548611000000001       -52.503560180878964     
  -35.152082999999998       -38.703109779675856     
  -27.634722000000000       -27.152900219781827     
  -30.286805666666666       -30.469297844005979     
  -16.149999999999999       -7.6337329756786971     
  -12.937500000000002       -7.9513690655010691     
  -16.390278000000002       -22.389141539017174     
  -19.460417000000000       -22.125455694601783     
  -18.750000000000000       -19.968513201230962     
  -23.392361000000001       -44.981541788435123     
  -21.958333000000000       -27.689878955225055     
  -25.292361333333336       -33.584146777826163     
  -27.855555666666667       -30.326209822663714     
  -32.712499999999999       -39.663362009148898     
  -35.348611000000005       -38.513878528481911     
  -36.732638666666674       -41.477473860742066     
  -38.308332999999998       -40.787076370937456     
  -37.376389000000003       -40.376392809860448     
  -41.297222333333337       -42.011598032522215     
  -38.327083000000002       -39.858835724745404     
  -36.597222000000002       -35.512285207393717     
  -29.727083333333333       -31.109241867731782     
  -26.725000000000001       -38.922665312024435     
  -33.452777666666670       -55.058941481395550     
  -36.125000000000000       -46.887231363928066     
  -35.718750000000000       -45.930094499689659     
  -27.029166666666669       -27.862842872325871     
  -28.125000000000000       -37.118339442518220     
  -24.991667000000000       -25.607096382301847     
  -29.475694666666669       -27.630555889927678     
  -24.250000000000000       -33.957944712009720     
  -28.312500000000000       -48.602409710439048     
  -30.926389000000004       -54.622663985741241     
  -25.634722000000000       -29.297650898272877     
  -22.937500000000000       -22.793980663095994     
  -24.170139000000002       -39.105455620106767     
  -24.252777666666667       -26.659926328236367     
  -30.493749999999999       -43.280916408156060     
  -30.998611333333336       -43.137563915850166     
  -27.627083333333331       -22.030348212414054     
  -25.937500000000000       -46.667362867453789     
  -25.436805666666668       -37.980067929566673     
  -24.494444666666666       -26.678071113342412     
  -25.181249999999999       -37.611903619110109     
  -27.380555666666670       -47.094911754819663     
  -27.871527666666665       -46.452247926920421     
  -23.250000000000000       -21.408490108136135     
  -22.279166666666669       -50.287219989202924     
  -25.869444333333334       -40.181873587510267     
  -24.031250000000000       -35.397709523537685     
  -22.451388999999999       -15.362878591992228     
  -18.484721999999998       -26.874087064937783     
  -22.995833000000001       -44.582676120218366     
  -29.490972333333332       -43.847468194420003     
  -23.763888999999999       -25.560152307276638     
  -23.958333000000000       -33.127392530505034     
  -25.511111333333336       -43.481144113791032     
  -27.800694333333333       -45.124563779591682     
  -28.287500000000001       -40.997106144361396     
  -23.822222333333336       -23.195664882920937     
  -13.916666666666666       -3.3073096423210586     
  -6.6145832999999996        0.0000000000000000     
  -10.077777666666666       -14.617877125639609     
  -11.216666666666667       -1.1163323072891558     
  -4.7333333000000000        0.0000000000000000     
  -2.2152778000000004       -8.0680868365365086     
  -11.838889000000000       -21.665475351655118     
  -13.981249999999999       -36.289395988527076     
  -16.836110999999999       -37.229794270713057     
  -15.627083333333333       -37.400599308198451     
  -14.979167000000000       -32.609367208277433     
  -14.562500000000000       -36.005902052573532     
  -14.955555666666665       -34.066634770910753     
  -8.2604167000000004       -3.9252860696066705     
  -7.0152777999999998       -15.102661348033848     
  -11.788194333333333       -39.659436560531219     
  -10.312500000000000       -15.803073045659403     
  -11.202083333333334       -28.769667996740083     
  -14.750000000000000       -36.342448887770303     
  -11.445833000000000       -14.306306849893133     
  -11.826389000000001       -24.521515420562281     
  -7.3576388999999995       -5.3390497417560141     
  -5.9666667000000002       -11.734569411000678     
  -9.4402778000000005       -20.348329971659354     
  -10.031944333333334       -20.392212839732395     
  -12.281250000000000       -18.917845682845638     
  -13.308333333333335       -12.143079377767094     
  -8.0298611333333323       -8.4867063651475405     
  -4.3416667000000002        0.0000000000000000     
  0.13055555666666668       -6.4764728694287328     
 -0.13888888999999999       -2.4151849858371293     
  -1.0458333000000000       -1.4096037298538704     
  -2.6875000000000000       -1.1119221546176732     
  -1.1763889000000001        0.0000000000000000     
  -2.3125000000000000       -2.6160960878586934     
  -1.3958333333333333       -2.1117379842908122     
 -0.51666666666666661        0.0000000000000000     
  -2.1937500000000001       -2.9583942966131076     
 -0.50416666666666665       -6.8631592375252239     
  -4.3055555666666662E-002  -4.8904796762080878     
  -1.6458333000000001        0.0000000000000000     
   1.0625000000000000        0.0000000000000000     
   2.8986111000000001        0.0000000000000000     
   2.5687500000000001        0.0000000000000000     
   1.9013889000000002        0.0000000000000000     
   2.0104166666666670        0.0000000000000000     
   1.1541667000000000        0.0000000000000000     
   2.1090277666666668        0.0000000000000000     
   2.0625000000000000        0.0000000000000000     
 -0.38958333000000001        0.0000000000000000     
   1.2986111333333334       -1.1617896033147304     
   2.4833333333333334        0.0000000000000000     
   2.0750000000000002       -7.5018678365018445     
   4.3548610999999999       -1.4217155432966138     
  0.12500000000000000        0.0000000000000000     
   1.4791666999999999       -3.9122049669659576E-005
   3.4611111000000001       -3.9120610314099732E-005
   2.8395833333333336       -3.9118783989548330E-005
   4.0458333000000000       -5.1583093392571675E-005
  0.44513888666666668       -2.4081110191302173     
   1.3472222333333335       -5.1582586183078079E-005
   1.1437500000000000       -4.3838447145477062     
  0.76666666666666672       -5.1582400720855446E-005
   3.6777777999999999       -5.1579204055374305E-005
   2.3750000000000000       -5.5616992823744025E-005
   3.5659722333333335       -2.8673224531719939     
   2.7472222333333334       -5.5610933280375166E-005
   4.4937500000000004       -5.6828603057569517E-005
   5.8083333333333336       -5.6825823587742444E-005
   2.7479166666666668       -5.6819935015730612E-005
   2.1875000000000000       -5.6472552107465971E-005
   2.3111111000000002       -5.6114910933140868E-005
   3.0625000000000000       -5.7015931822105732E-005
   2.3125000000000000       -5.7011029378890800E-005
   2.1277777666666666       -5.7313314346724545E-005
   4.7083333333333339       -5.7310972839515798E-005
   5.0291667000000002       -5.7306046233913077E-005
   7.2215278000000005       -5.7162814934580137E-005
   4.4041666666666668       -5.7160783980922263E-005
   1.5187500000000000       -5.7152135805458165E-005
   1.8194444333333335       -5.7351961718558462E-005
   3.0472222000000002       -5.7412402751719804E-005
   1.7291666999999999       -5.7402296572295236E-005
   2.1881944333333339       -5.7425504964876079E-005
   2.7930555666666668       -5.7431394995805066E-005
   1.2291666999999999       -5.7434582821684617E-005
   2.8013888666666666       -5.7427169067568787E-005
   2.2263888999999999       -5.7434027274175248E-005
   1.6750000000000000       -5.7435845938322946E-005
   2.7138889000000002       -5.7427946620559151E-005
   4.2500000000000000       -5.7436389507724635E-005
   1.3083332999999999       -5.7425409003576179E-005
   2.7027777666666668       -5.5523467702497360E-005
   1.3750000000000000       -5.5519161043879575E-005
   4.9249999999999998       -5.1743649689710704E-005
   2.6701388666666670       -5.1733770820648224E-005
   2.0361111000000003       -5.4917156209741238E-005
   3.0000000000000000       -5.4914341992156568E-005
   1.9333333333333333       -6.0759065946251098     
   2.7076388666666666       -5.4906078257617874E-005
   1.9583333000000001       -5.2367741783871085E-005
   1.2090277666666667      -0.93388796678630115     
   2.5041666666666669       -5.6393371474409217E-005
   3.9541667000000000       -5.0605723169834421E-005
   3.2111111333333335       -5.3999105141082942E-005
   2.8506944333333335       -5.4019320413940910E-005
   2.2749999999999999       -5.4376405209148532E-005
   2.2131944333333333       -5.4364207686670911E-005
   2.3486111333333333       -5.6021541426131032E-005
   1.3489766000000001       -4.9776068473220623E-005
   2.0224311000000004       -5.4401294875404676E-005
  0.75214419999999993       -5.5815244766231053E-005
 -0.28354899000000000       -5.5815224683737517E-005
  -1.1493462666666665       -5.6272601294447880E-005
  0.18521593000000000       -5.6272597760236518E-005
   2.2363525000000002       -5.6508788266556549E-005
   3.3497474000000000       -5.6754446333633253E-005
  0.56659800000000005       -5.6826741958503630E-005
   1.0211100000000000       -5.6882128913697258E-005
   3.0015403333333333       -5.6962328042762016E-005
   4.8800378000000002       -5.6993411018815176E-005
   2.7324131999999999       -5.7048033865875931E-005
   1.3262620333333333       -5.7097314687112047E-005
   3.8085937666666667E-003  -5.7097143808854167E-005
 -0.40505981000000002       -5.7120221684467795E-005
 -0.39761793666666673       -5.7120057885785190E-005
  0.12052408666666667       -5.7141682945056350E-005
 -0.17572020999999999       -5.7161856435663568E-005
   6.9769965333333336E-002  -5.7161674233875603E-005
 -0.26205919000000000       -5.7180270425734809E-005
  -7.8629557000000003E-002  -10.649069545071768     
  -2.3328047333333330       -9.5514737667887175     
  -1.7835171000000001       -1.9405244305297629     
  -2.2104385000000000       -5.6865864611103234     
  -1.1650960333333333      -0.92399698907235006     
  -1.3839274333333333       -1.5943873719216413     
 -0.75648397000000001       -5.6917222390523996E-005
  -3.0940415666666669E-002  -5.6914773478805084E-005
  -9.8276774333333330E-002  -5.4330354082919550E-005
  -1.8386510000000000       -17.480982387501058     
  -1.6269592333333334       -11.830650296427450     
  -1.4116709666666667       -5.4329770724589694E-005
 -0.83476561999999999       -2.2516501206021076     
  -1.3568340999999999       -1.9109347180640839     
  -2.5429935333333331       -7.3893425835299240     
  -2.8528680999999998       -4.3222261970448699     
  -2.9650567333333333       -8.6706828130755298     
  -3.3553270333333334       -24.088863366586708     
  -3.6482391000000001       -22.626287624486480     
  -3.7656514666666667       -33.860729485896172     
  -2.7489176333333334       -7.9638957763448275     
  -2.4187653000000000       -8.7989758106483009     
  -1.9421871333333334       -10.700279143208718     
  -2.9345657333333333       -25.525744553475818     
  -7.2414000999999999       -30.739156863393362     
  -5.0152394666666673       -37.390764695496955     
  -6.7142276333333335       -18.211127726833951     
  -9.7805689000000005       -27.738915773256451     
  -4.9444030333333338       -11.004875266809108     
  -6.7897737333333330       -24.733517560125051     
  -3.9647888000000000       -6.5383489269555639     
  -4.7371266666666667       -14.914137914591549     
  -5.3048488666666671       -24.165076893360322     
  -5.5390442000000002       -32.263405986987607     
  -10.311886666666668       -35.261073397161852     
  -9.1399020333333318       -38.661930246825875     
  -9.2108784999999997       -38.059501757878138     
  -6.8846316666666665       -17.986764551602391     
  -3.7228719333333329       -17.008756121923739     
  -3.6182159000000000       -17.196732958425031     
 -0.38756917333333335       -5.4329468386243712E-005
 -0.18529273000000002       -5.4329468386243712E-005
