   0.00000000
 -11.58610696
  -7.65020053
  -7.18112611
  -7.08342547
  -6.42530547
  -6.17060695
  -6.22834772
  -6.52330258
  -8.83710911
  -4.95131952
  -4.79546959
  -4.90578228
  -4.48616180
  -4.78993202
  -4.85153134
  -4.66915502
  -4.39494785
  -4.60236233
  -4.59763583
  -4.48732411
  -4.97830835
  -4.05204982
  -3.83766438
  -3.55754580
  -3.44319048
  -3.72411403
  -3.67475882
  -3.48975133
  -3.82745087
  -4.33830201
  -4.80520215
  -4.35192800
  -2.98594848
  -2.98783301
  -2.97764855
  -2.67420134
  -3.18762633
  -2.64812834
  -3.03293970
  -2.80875743
  -2.92556563
  -3.05030571
  -2.82579082
  -3.14491302
  -2.72564406
  -3.14149485
  -2.67821491
  -3.09845540
  -2.79532947
  -2.90342470
  -2.93268883
  -2.63893966
  -3.08659943
  -2.60702385
  -2.94306815
  -2.76755722
  -2.62611392
  -3.07223453
  -2.63470939
  -3.04848839
  -2.72151550
  -2.63825430
  -3.37169887
  -3.38051270
  -2.88425738
  -2.66274370
  -2.26742785
  -2.18481389
  -2.53676494
  -2.51500236
  -2.27629717
  -2.47282280
  -2.65830432
  -2.29530339
  -2.43968598
  -2.66564149
  -2.29289320
  -2.36658975
  -2.76991392
  -2.35126845
  -2.34964417
  -2.77031539
  -2.30892680
  -2.24309792
  -2.68100227
  -2.31224626
  -2.16990544
  -2.41812790
  -2.51653928
  -2.38281793
  -2.65534387
  -3.06269967
  -2.54496613
  -2.28118388
  -2.26689535
  -2.68777196
  -2.40647732
  -2.03664213
  -1.94629448
  -1.99271953
  -1.70074846
  -1.92850314
  -1.89092090
  -1.67329151
  -1.56617274
  -1.63635070
  -1.54459859
  -1.51992376
  -1.87411386
  -1.89531756
  -1.54631510
  -1.43599271
  -1.40450521
  -1.41885408
  -1.52768203
  -2.06715194
  -1.85545732
  -1.52985194
  -1.39427729
  -1.34773012
  -1.31657528
  -1.32943885
  -1.34859263
  -1.64333452
  -1.56063112
  -1.31096992
  -1.35290028
  -1.17768992
  -1.22913098
  -1.36863160
  -1.41477899
  -1.42046232
  -1.43257139
  -1.68374669
  -1.30487525
  -1.10739516
  -0.86026188
  -0.66544425
  -0.63197790
  -0.67652921
  -0.77841690
  -0.80518041
  -0.74084424
  -0.71410012
  -0.63652858
  -0.63401813
  -0.64943011
  -0.66222383
  -0.67363160
  -0.68370047
  -0.69188337
  -0.69746644
  -0.69988087
  -0.69886679
  -0.93808108
  -1.28402554
  -0.90974760
  -0.75115422
  -0.11035422
   0.00000000
  -0.10098911
  -0.56047420
  -1.02693455
  -1.58161584
  -1.75867794
  -1.87013330
  -3.73485212
  -1.96725089
  -1.61756849
  -1.79418875
  -2.12178588
  -0.50919673
  -0.85041779
  -0.79270904
  -0.67011111
  -0.47003446
  -0.65351346
  -0.67207965
  -0.86628898
  -0.56150712
  -0.46128310
  -0.23544732
  -0.25285097
  -0.33780667
  -0.00156482
  -0.30957322
  -0.29864339
  -0.29342826
  -0.39225118
  -0.35882999
  -0.59714138
  -0.62702634
  -0.52656240
  -0.56342552
  -0.51923594
  -0.48149891
  -0.62206838
  -0.38815472
  -0.35575708
  -0.21161733
  -0.19644093
  -0.11670628
   0.00000000
   0.00000000
  -0.50361352
  -0.29746493
  -0.37984039
  -0.15725654
  -0.04707348
   0.00000000
   0.00000000
  -0.19176310
   0.00000000
   0.00000000
   0.00000000
   0.00000000
   0.00000000
  -0.01596492
  -0.04151531
   0.00000000
   0.00000000
  -0.00940016
  -0.07603622
  -0.09066811
  -0.07334509
  -0.00671196
   0.00000000
   0.00000000
   0.00000000
   0.00000000
   0.00000000
   0.00000000
   0.00000000
   0.00000000
   0.00000000
   0.00000000
   0.00000000
   0.00000000
   0.00000000
   0.00000000
   0.00000000
   0.00000000
   0.00000000
   0.00000000
   0.00000000
   0.00000000
   0.00000000
   0.00000000
   0.00000000
   0.00000000
   0.00000000
   0.00000000
   0.00000000
   0.00000000
   0.00000000
   0.00000000
   0.00000000
   0.00000000
   0.00000000
   0.00000000
   0.00000000
   0.00000000
   0.00000000
   0.00000000
   0.00000000
   0.00000000
   0.00000000
   0.00000000
   0.00000000
   0.00000000
   0.00000000
   0.00000000
   0.00000000
   0.00000000
   0.00000000
   0.00000000
   0.00000000
   0.00000000
   0.00000000
   0.00000000
   0.00000000
   0.00000000
   0.00000000
   0.00000000
   0.00000000
   0.00000000
   0.00000000
   0.00000000
   0.00000000
   0.00000000
   0.00000000
   0.00000000
   0.00000000
   0.00000000
   0.00000000
   0.00000000
  -0.13883305
  -1.57280494
  -2.10040674
  -2.71026075
  -2.56291120
  -2.32306581
  -2.21255987
  -2.58328247
  -2.33346492
  -2.27556089
  -2.81128395
  -2.55476765
  -2.52880145
  -2.88595759
  -2.49941479
  -2.88086758
  -2.70713078
  -2.58667227
  -3.05257425
  -2.62182523
  -2.94202916
  -2.56239030
  -2.32034063
  -2.62904655
  -2.15801315
  -1.84283641
  -1.71862511
  -1.83005238
  -1.99139802
  -1.63268714
  -1.52442209
  -1.56178017
  -1.67279247
  -1.83636208
  -2.38979656
  -2.22053538
  -2.18115731
  -2.43753114
  -2.65317718
  -2.34705026
  -2.65433735
  -2.59666281
  -2.26387533
  -2.43612607
  -2.47849324
  -2.14109655
  -2.15739123
  -2.61948842
  -2.37990126
  -2.21230513
  -2.49090851
  -2.58046034
  -2.26554934
  -2.35173049
  -2.70035392
  -2.24060199
  -2.19287032
  -2.58068369
  -2.19550780
  -2.00206079
  -1.99750101
  -2.42330396
  -2.20366631
  -2.02039929
  -2.01614053
  -2.44183014
  -2.23646779
  -2.08692753
  -2.13868838
  -2.60428979
  -2.27604796
  -2.18089681
  -2.50468309
  -2.52619702
  -2.27266038
  -2.39725724
  -2.76963390
  -2.36345618
  -2.45122780
  -2.78454616
  -2.32733245
  -2.40713371
  -2.73527663
  -2.27597340
  -2.26640267
  -2.70823681
  -2.27877333
  -2.16714179
  -2.52415912
  -2.45874563
  -2.23423241
  -2.31172374
  -2.73203528
  -2.31568571
  -2.30469620
  -2.75210116
  -2.32965787
  -2.25943847
  -2.71046231
  -2.37465476
  -2.21754447
  -2.57521911
  -2.48313532
  -2.23669319
  -2.29505138
  -2.71289717
  -2.28785114
  -2.24161817
  -2.70734076
  -2.30673287
  -2.18444193
  -2.52167355
  -2.49557530
  -2.24437676
  -2.30032817
  -2.72547745
  -2.30432104
  -2.27699598
  -2.73714580
  -2.33773184
  -2.24364506
  -2.77914268
  -2.42935891
  -2.11453424
  -2.04927339
  -2.41415124
  -2.17888118
  -1.97452777
  -1.96065716
  -2.25744710
  -2.34060740
  -2.07004256
  -2.06927231
  -2.44909300
  -2.39026526
  -2.18455287
  -2.25823749
  -2.69945380
  -2.30095838
  -2.27478520
  -2.74624361
  -2.41495461
  -2.31688507
  -2.77215857
  -2.45923578
  -2.31678268
  -2.77105040
  -2.44266578
  -2.29414387
  -2.71908522
  -2.47399612
  -2.27569473
  -2.62259960
  -2.51636207
  -2.24439876
  -2.34515278
  -2.69726816
  -2.25123082
  -2.22258265
  -2.69506399
  -2.29575554
  -2.17352423
  -2.48316710
  -2.47181575
  -2.18146963
  -2.19693975
  -2.65221740
  -2.23474998
  -2.11806822
  -2.38379289
  -2.47696147
  -2.12674474
  -2.07872021
  -2.51157844
  -2.28094426
  -2.07695850
  -2.07104486
  -2.57790268
  -2.28177913
  -2.20038080
  -2.30619353
  -2.76421016
  -2.37967970
  -1.95044293
  -1.70117140
  -1.63971133
  -1.64891515
  -1.96908067
  -1.81945371
  -1.64762382
  -1.57407109
  -1.58443553
  -1.63250925
  -1.94737337
  -1.94507799
  -1.67921277
  -1.59415151
  -1.59814046
  -1.63748561
  -2.05539189
  -1.83580733
  -1.65327236
  -1.60717777
  -1.58925218
  -1.61118451
  -2.03511410
  -1.85483486
  -1.56820942
  -1.39632638
  -1.30582837
  -1.26211625
  -1.22559925
  -1.19632922
  -1.24468495
  -3.00873151
  -5.21348877
  -4.20539601
  -2.40598048
  -2.35556494
  -1.34883030
  -0.51093038
  -0.61841181
  -0.39419596
  -0.25449429
  -0.00036162
   0.00000000
  -0.14496842
  -0.24868891
  -0.36198441
  -0.80665111
  -0.40899485
  -0.38038861
  -0.23037302
   0.00000000
   0.00000000
   0.00000000
  -0.29074999
  -0.60138945
  -0.55037829
  -0.16518921
  -0.35719758
  -0.41822757
  -0.31374966
  -0.60006211
  -0.41981767
  -0.43154257
  -0.50632396
  -0.43048109
  -0.28728380
  -0.22546857
  -0.14692605
  -0.21549458
  -0.26411389
  -0.52349892
  -0.37636809
  -0.41629018
  -0.48432044
  -0.46595060
  -0.44531341
  -0.34150313
  -0.33422418
  -0.37884870
  -0.34983085
  -0.32372121
  -0.25071713
  -0.23397747
  -0.25835786
  -0.23726836
  -0.11361788
  -0.22769648
  -0.17222860
  -0.16955107
  -0.00681282
  -0.06456311
  -0.19742127
  -0.18763095
  -0.25930923
  -0.35003726
  -0.44406843
  -0.24709553
  -0.23708383
  -0.21979824
  -0.17258179
  -0.17525970
  -0.03530666
   0.00000000
   0.00000000
   0.00000000
   0.00000000
  -0.01137835
  -0.14250550
  -0.05553376
  -0.11415711
  -0.22954548
  -0.27520784
  -0.24731154
  -0.07996603
  -0.04920219
  -0.02860178
  -0.00279976
  -0.00465829
  -0.04565706
  -0.03986780
  -0.00820967
  -0.00703139
   0.00000000
   0.00000000
   0.00000000
   0.00000000
   0.00000000
   0.00000000
  -0.02700005
  -0.00938516
   0.00000000
   0.00000000
   0.00000000
   0.00000000
   0.00000000
   0.00000000
   0.00000000
   0.00000000
   0.00000000
   0.00000000
   0.00000000
   0.00000000
   0.00000000
   0.00000000
   0.00000000
   0.00000000
   0.00000000
  -1.11473634
  -3.88306658
  -3.44064120
  -3.11581894
  -2.81285455
  -3.00171633
  -2.44206141
  -2.99713681
  -3.09619505
  -3.66591778
  -3.64088254
  -3.57372443
  -3.62703581
  -3.16190618
  -3.28213127
