    0.000
    0.000
    0.003
    0.004
    0.003
   -0.000
    0.000
    0.001
    0.002
   -0.000
   -0.000
   -0.000
   -0.000
   -0.000
    0.000
    0.001
    0.002
    0.003
    0.002
    0.002
    0.001
    0.001
    0.001
    0.002
    0.002
    0.003
    0.002
    0.002
    0.002
    0.002
    0.002
    0.003
    0.003
    0.004
    0.004
    0.005
    0.005
    0.006
    0.005
    0.005
    0.006
    0.007
    0.007
    0.009
    0.010
    0.012
    0.013
    0.015
    0.015
    0.015
    0.015
    0.016
    0.016
    0.017
    0.018
    0.018
    0.019
    0.020
    0.021
    0.022
    0.023
    0.024
    0.024
    0.025
    0.027
    0.028
    0.028
    0.028
    0.030
    0.031
    0.031
    0.032
    0.033
    0.033
    0.033
    0.032
    0.032
    0.033
    0.033
    0.034
    0.033
    0.031
    0.031
    0.031
    0.031
    0.032
    0.031
    0.031
    0.032
    0.033
    0.034
    0.035
    0.034
    0.034
    0.034
    0.034
    0.034
    0.032
    0.031
    0.032
    0.033
    0.033
    0.034
    0.035
    0.034
    0.034
    0.035
    0.035
    0.036
    0.035
    0.035
    0.034
    0.032
    0.032
    0.033
    0.033
    0.034
    0.031
    0.031
    0.031
    0.032
    0.032
    0.033
    0.033
    0.034
    0.034
    0.034
    0.033
    0.034
    0.035
    0.034
    0.034
    0.035
    0.035
    0.036
    0.035
    0.035
    0.034
    0.034
    0.033
    0.033
    0.033
    0.034
    0.034
    0.033
    0.033
    0.034
    0.034
    0.035
    0.031
    0.030
    0.030
    0.031
    0.031
    0.030
    0.030
    0.030
    0.031
    0.031
    0.029
    0.028
    0.029
    0.029
    0.030
    0.030
    0.030
    0.031
    0.030
    0.030
    0.029
    0.029
    0.029
    0.028
    0.028
    0.028
    0.029
    0.028
    0.028
    0.028
    0.027
    0.026
    0.027
    0.026
    0.025
    0.026
    0.026
    0.027
    0.027
    0.027
    0.027
    0.026
    0.027
    0.027
    0.028
    0.028
    0.029
    0.027
    0.027
    0.028
    0.028
    0.029
    0.028
    0.028
    0.025
    0.023
    0.023
    0.023
    0.024
    0.024
    0.024
    0.023
    0.023
    0.023
    0.024
    0.024
    0.024
    0.025
    0.022
    0.022
    0.021
    0.020
    0.019
    0.018
    0.017
    0.018
    0.018
    0.017
    0.014
    0.011
    0.011
    0.011
    0.012
    0.012
    0.012
    0.013
    0.013
    0.012
    0.011
    0.011
    0.012
    0.012
    0.009
    0.007
    0.006
    0.002
    0.000
    0.001
   -0.002
   -0.002
   -0.001
   -0.001
   -0.000
    0.000
    0.000
   -0.001
   -0.001
   -0.000
    0.000
    0.000
    0.000
    0.000
    0.001
   -0.001
   -0.000
    0.000
    0.000
    0.000
    0.000
    0.000
    0.000
    0.015
    0.037
    0.056
    0.069
    0.081
    0.095
    0.106
    0.115
    0.120
    0.121
    0.121
    0.126
    0.137
    0.153
    0.157
    0.161
    0.160
    0.160
    0.160
    0.159
    0.157
    0.156
    0.153
    0.152
    0.152
    0.151
    0.149
    0.149
    0.146
    0.145
    0.144
    0.142
    0.142
    0.141
    0.140
    0.140
    0.138
    0.136
    0.136
    0.134
    0.132
    0.130
    0.128
    0.127
    0.126
    0.124
    0.122
    0.120
    0.118
    0.118
    0.116
    0.114
    0.114
    0.112
    0.112
    0.110
    0.110
    0.108
    0.108
    0.106
    0.104
    0.102
    0.098
    0.096
    0.094
    0.092
    0.090
    0.088
    0.083
    0.082
    0.081
    0.080
    0.077
    0.073
    0.069
    0.068
    0.065
    0.063
    0.059
    0.057
    0.055
    0.055
    0.054
    0.053
    0.050
    0.051
    0.049
    0.048
    0.048
    0.048
    0.048
    0.048
    0.048
    0.045
    0.033
    0.042
    0.044
    0.044
    0.045
    0.045
    0.045
    0.044
    0.044
    0.043
    0.043
    0.044
    0.045
    0.047
    0.047
    0.047
    0.048
    0.049
    0.051
    0.052
    0.054
    0.052
    0.050
    0.051
    0.045
    0.045
    0.045
    0.046
    0.047
    0.048
    0.045
    0.033
    0.033
    0.028
    0.028
