   0.00000000
   0.00000000
   0.76646399
   2.76373272
   0.08344902
   0.00000000
   0.12884283
   1.53552298
   2.58232901
   2.16026847
   0.47586924
   0.02513816
   0.00000000
   0.34822120
   1.47550485
   2.03201869
   2.48670412
   2.26651420
   1.79816663
   0.89965989
   0.32024075
   0.15124369
   1.11343489
   1.83872292
   2.27318215
   1.75083192
   1.16518903
   0.73735119
   0.70257113
   1.39828047
   2.06099831
   1.89704509
   1.84412930
   2.15553440
   2.06047994
   1.93275802
   2.30635331
   2.08810793
   2.13149924
   1.80577773
   1.81979648
   2.26767993
   2.27422385
   2.36655647
   2.53896277
   2.82278284
   2.86442475
   2.72939707
   2.54164209
   2.59102118
   2.14287842
   2.34423155
   1.84375458
   1.96584039
   2.31807555
   1.99297478
   2.33842134
   2.17855616
   2.48701253
   2.24423928
   2.47004531
   2.28852394
   2.65515104
   2.56326449
   2.60664418
   2.70414881
   2.52820051
   2.47039356
   2.69213926
   2.48408166
   2.55540160
   2.69773259
   2.50498426
   2.58384897
   2.55152405
   2.19709876
   2.31864776
   2.15929088
   1.86053893
   1.63458871
   1.83322732
   1.63108201
   1.37906020
   1.35102999
   1.39084294
   1.50613328
   1.91108669
   1.80691998
   1.77453171
   1.97500417
   2.21046672
   1.99121743
   2.38850409
   2.05339140
   2.31601961
   2.08138144
   1.90602772
   2.18487002
   1.84122008
   1.79270434
   2.16427444
   1.95586353
   1.82336328
   2.16797803
   1.95989033
   1.84527347
   2.18566272
   1.92432166
   1.79850098
   2.10027204
   1.86806884
   1.67936149
   1.67536825
   2.01866598
   1.70922047
   1.60702899
   1.63065246
   1.99317792
   1.71748798
   1.60008004
   1.62311410
   1.99160271
   1.75899604
   1.65280965
   1.69422898
   2.05044334
   1.76733282
   1.69489667
   1.91997002
   1.98625313
   1.77252636
   1.78290192
   2.12862630
   1.81131925
   1.72453766
   2.01939709
   1.85521228
   1.69199212
   1.68574101
   2.01749321
   1.74296973
   1.62438086
   1.63510358
   1.99507878
   1.74358270
   1.64309152
   1.67052932
   2.02156623
   1.73604265
   1.63729140
   1.68711416
   1.99636311
   1.69710824
   1.60951333
   1.64955192
   1.96979315
   1.66702605
   1.58275149
   1.59434754
   1.93620904
   1.70864855
   1.57541962
   1.55495365
   1.82029072
   1.74740254
   1.57407530
   1.52859903
   1.57012310
   1.91984032
   1.65085293
   1.54808161
   1.54320734
   1.81537516
   1.74307716
   1.56495312
   1.50287967
   1.48428267
   1.84027208
   1.55209865
   1.40519351
   1.35619274
   1.36269387
   1.51471865
   1.71204630
   1.44967544
   1.36208699
   1.35733739
   1.39381557
   1.67541858
   1.63686205
   1.47643647
   1.43246046
   1.45230692
   1.68688013
   1.72647784
   1.53869087
   1.48938200
   1.50835486
   1.82608894
   1.67893565
   1.53173508
   1.49549764
   1.53628891
   1.88127832
   1.60202342
   1.49867187
   1.48133426
   1.61121916
   1.79343999
   1.53687180
   1.45270656
   1.44600119
   1.57118788
   1.76338776
   1.50813843
   1.41995540
   1.40583678
   1.44179819
   1.78567859
   1.52427736
   1.41110922
   1.37109455
   1.38821891
   1.61889830
   1.60902081
   1.42794743
   1.34448836
   1.32436940
   1.34441230
   1.62890417
   1.54560356
   1.39734250
   1.28493582
   1.27049632
   1.41806481
   1.65357657
   1.34540954
   1.12108397
   1.03518981
   0.99381088
   0.96670995
   0.94416543
   0.92714820
   0.91870619
   0.92099684
   0.93101806
   0.94499276
   0.96011516
   1.21199115
   1.15382569
   0.97322492
   0.88959279
   0.92490984
   0.89624694
   0.85770171
   0.83888270
   0.83441225
   0.83852444
   0.84615044
   0.85320329
   0.85663253
   1.32195425
   0.97858506
   0.79131953
   0.73444817
   0.76751459
   0.71930086
   0.68252877
   0.66085365
   0.64860538
   0.37416480
   1.20472726
   3.37707551
   2.94658157
   1.84555706
   1.84719200
   1.17516380
   0.84920848
   0.63907169
   0.21016045
   0.00488928
   0.21615018
   0.77681472
   1.37424833
   0.29436313
   1.62253990
   0.96086052
   0.00000000
   0.00000000
   0.00291301
   0.51875539
   0.87171635
   0.86874378
   0.26101566
   0.46392006
   0.60953376
   0.44404544
   0.90511518
   1.40603272
   0.96017775
   0.27131444
   0.07366113
   0.00966346
   0.00597891
   0.09676412
   0.00385677
   0.68290874
   1.24363913
   0.13637014
   0.15896640
   0.26403108
   0.29165515
   0.00000000
   0.26471915
   0.44790128
   0.55850748
   0.45315634
   0.32503432
   0.21463430
   0.17333695
   0.21889555
   0.22034619
   0.52645342
   0.79475671
   0.57534472
   0.29638710
   0.00000000
   0.56110502
   0.70087617
   0.36991420
   0.85780574
   0.55413165
   0.30575835
   0.21878735
   0.00155283
   0.00000000
   0.00000000
   0.00000000
   0.00000000
   0.00000000
   0.00000000
   0.00000000
   0.00000000
   0.00000000
   0.00000000
   0.00000000
   0.00000000
   0.00000000
   0.00000000
   0.00000000
   0.00000000
   0.00000000
   0.00000000
   0.00000000
   0.00000000
   0.00000000
   0.00000000
   0.00000000
   0.00000000
   0.00000000
   0.00000000
   0.00000000
   0.00000000
   0.00000000
   0.00000000
   0.00000000
   0.00000000
   0.00000000
   0.00000000
   0.00000000
   0.00000000
   0.00000000
   0.00000000
   0.00000000
   0.00000000
   0.00000000
   0.00773883
   2.50855640
   2.77780905
   2.17210166
   2.16619584
   2.11741399
   2.64097632
   2.74868034
   2.75307911
   2.58711887
   2.60472901
   2.11777218
   2.43530257
   1.94869786
   2.12938212
   2.10067670
   2.04512199
   2.48039804
   2.21038126
   2.51490799
   2.11857211
   2.35086149
   1.92095785
