   0.00000000
   0.00000000
   0.76434311
   2.76832816
   0.09637316
   0.00000000
   0.85371714
   2.23729929
   2.74061703
   2.14642969
   0.65780748
   0.10406572
   0.00000000
   0.39897232
   1.55342108
   2.48597919
   2.47888106
   2.29813367
   1.80267374
   1.52992035
   0.77365135
   0.52381428
   1.04095372
   1.67753979
   1.88283909
   2.04521477
   1.46740320
   0.98175009
   0.83512342
   1.11069281
   1.61017919
   2.06813701
   2.02737822
   1.91635165
   2.30469777
   1.99665208
   2.21296183
   2.27911223
   1.93990118
   2.07633070
   1.85639579
   2.10107784
   2.42722958
   2.23070366
   2.66202836
   2.79684768
   2.85733051
   2.64991859
   2.62880614
   2.66965897
   2.13616598
   2.38972483
   1.92077753
   1.88659652
   2.34094569
   2.02506175
   2.22668161
   2.25701083
   2.34726658
   2.36150165
   2.35710121
   2.37252798
   2.58097813
   2.47351517
   2.70648975
   2.68918400
   2.37914529
   2.64149549
   2.58610290
   2.44103239
   2.66710084
   2.51951799
   2.54872522
   2.67828335
   2.29874893
   2.47746448
   2.09062309
   2.33193855
   1.99974579
   1.64099126
   1.54216981
   1.88975399
   1.55505283
   1.40963921
   1.36789793
   1.41561428
   1.51854254
   1.91525058
   1.88302505
   1.79731179
   2.04944192
   2.11578501
   1.97091913
   2.34839681
   2.00492324
   2.16932193
   2.08737040
   1.80377922
   2.00184852
   2.00728123
   1.79111189
   1.82965074
   2.16228916
   1.83330064
   1.80852165
   2.17595089
   1.87576352
   1.78916725
   2.12844243
   1.86088750
   1.70718637
   1.85147146
   1.93802231
   1.66972302
   1.58814550
   1.65600851
   1.93283900
   1.63396133
   1.57275609
   1.58321704
   1.91182713
   1.70268180
   1.59134410
   1.58707989
   1.87519943
   1.84340608
   1.67398424
   1.66938515
   2.01944637
   1.86327204
   1.73806711
   1.83604480
   2.10316291
   1.78432057
   1.74929745
   2.08049569
   1.80781721
   1.69758428
   1.82859314
   1.98126604
   1.70812271
   1.63731919
   1.80319347
   1.89406251
   1.66784048
   1.62261133
   1.75371949
   1.97201690
   1.68927087
   1.63310887
   1.87817325
   1.89930847
   1.67819753
   1.61864565
   1.82943626
   1.84784534
   1.62582496
   1.56457280
   1.61278879
   1.96097422
   1.67665147
   1.58656638
   1.58456203
   1.91036045
   1.70476480
   1.56512430
   1.53855490
   1.68713537
   1.87489135
   1.62585566
   1.56682168
   1.59569829
   1.93811080
   1.68481680
   1.59831050
   1.58406170
   1.92501918
   1.73866086
   1.56250648
   1.47664924
   1.44647639
   1.61983771
   1.65461178
   1.44726819
   1.34761977
   1.33382074
   1.37142762
   1.49945029
   1.78017062
   1.50361048
   1.43202984
   1.44331341
   1.51434822
   1.89219774
   1.58635648
   1.52080271
   1.53723351
   1.84701117
   1.75698670
   1.59524128
   1.56218570
   1.73030115
   1.87077283
   1.62657612
   1.57851111
   1.62434253
   1.95536776
   1.65487894
   1.55040029
   1.53442368
   1.81692937
   1.70336448
   1.53407888
   1.48118841
   1.49498842
   1.82111751
   1.61370147
   1.48300573
   1.45276314
   1.48249149
   1.80625672
   1.61173281
   1.48310670
   1.44575344
   1.45813573
   1.80730100
   1.65402926
   1.49791329
   1.42755254
   1.40289929
   1.40691547
   1.75217496
   1.45483697
   1.33177265
   1.48396745
   1.35164377
   1.64523226
   1.31431558
   1.21701609
   1.15128219
   1.09380048
   1.04180157
   0.99931040
   0.96701017
   0.94769477
   0.94794923
   0.95901021
   0.97080493
   0.98825397
   1.00317746
   1.03224950
   1.34543064
   1.04228536
   0.94437804
   0.93829503
   0.86726690
   0.83388923
   0.81765689
   0.81284743
   0.81567517
   0.82178110
   0.82759246
   0.83069755
   1.25435281
   1.02206415
   0.80173502
   0.72624506
   0.76680863
   0.70599055
   0.67623554
   0.54859243
   0.00000000
   0.66444133
   2.68204342
   1.52452388
   1.86495033
   0.76647847
   0.76989708
   0.96863243
   0.61773417
   0.15275505
   0.49305117
   0.95050050
   1.77601707
   1.25550844
   1.12103843
   0.74616323
   0.01728556
   0.00450779
   0.27427414
   0.01317348
   2.67631799
   0.84237339
   0.24802800
   0.44669801
   0.58806474
   0.43196261
   0.90184465
   1.36629718
   0.95842444
   0.62191957
   0.56321678
   0.34297199
   0.06752108
   0.00328371
   0.00421413
   0.00077583
   0.00000000
   1.48750477
   0.87808309
   0.75329079
   0.71197236
   0.58302972
   0.43525643
   0.04630438
   0.18888381
   0.22693577
   0.23891999
   0.18751855
   0.17773533
   0.26031936
   0.23932265
   0.51294173
   0.72954086
   0.61151028
   0.59910775
   0.14706112
   0.45343389
   0.66020731
   0.69788380
   1.06560798
   1.15499541
   1.05083448
   0.90108205
   0.64257494
   0.54956169
   0.53257471
   0.65976418
   0.51687572
   0.19243201
   0.01128357
   0.00000000
   0.49404079
   0.45373018
   0.35785618
   0.02252811
   0.01864582
   0.07946676
   0.02332602
   0.00000000
   0.00000000
   0.00000000
   0.00000000
   0.00000000
   0.00000000
   0.00000000
   0.00000000
   0.00000000
   0.00000000
   0.00000000
   0.00000000
   0.00000000
   0.00000000
   0.00000000
   0.00000000
   0.00000000
   0.00000000
   0.00000000
   0.00000000
   0.00000000
   0.00000000
   0.00000000
   0.00000000
   0.00000000
   0.00000000
   0.00000000
   0.00000000
   0.00000000
   0.00000000
   0.00000000
   0.00000000
   0.00000000
   0.00000000
   0.00000000
   0.05098144
   1.75484492
   2.42915438
   2.49280880
   2.08558289
   1.82748654
   2.08043758
   1.84455328
   1.78862778
   2.18444526
   2.07509894
   2.01301122
   2.27583307
   1.84908430
   1.89223177
