 0.000000    0.00000    0.000            NaN
 0.000000    0.00000    0.000       0.000000
 0.000125    0.00404   -4.024      -0.117959
 0.000452    0.00604   -2.762      -0.050246
 0.000016    0.00004   -2.069      -0.000243
 0.000000    0.00000    0.000       0.000000
 0.000139    0.00236   -2.980      -0.010604
 0.000366    0.00429   -2.641      -0.012896
 0.000448    0.00547   -2.672      -0.024729
 0.000351    0.00252   -2.355      -0.003263
 0.000107    0.00030   -2.088      -0.000358
 0.000017    0.00003   -2.034      -0.000029
 0.000000    0.00000    0.000       0.000000
 0.000065    0.00105   -2.908       0.000000
 0.000254    0.00230   -2.475      -0.004464
 0.000406    0.00330   -2.413      -0.006335
 0.000405    0.00347   -2.440      -0.005136
 0.000376    0.00283   -2.377      -0.003492
 0.000295    0.00161   -2.247      -0.001597
 0.000250    0.00079   -2.108      -0.000596
 0.000126    0.00026   -2.041      -0.000141
 0.000086    0.00032   -2.143      -0.000059
 0.000170    0.00106   -2.299      -0.000673
 0.000274    0.00159   -2.270      -0.002738
 0.000308    0.00205   -2.322      -0.002277
 0.000334    0.00192   -2.266      -0.001471
 0.000240    0.00093   -2.150      -0.000633
 0.000160    0.00047   -2.094      -0.000306
 0.000136    0.00040   -2.095      -0.000273
 0.000181    0.00105   -2.272      -0.000514
 0.000263    0.00151   -2.266      -0.001457
 0.000338    0.00202   -2.280      -0.002681
 0.000331    0.00209   -2.300      -0.001914
 0.000313    0.00221   -2.345      -0.001967
 0.000377    0.00254   -2.327      -0.001722
 0.000326    0.00216   -2.318      -0.001760
 0.000362    0.00254   -2.344      -0.002178
 0.000372    0.00259   -2.341      -0.001867
 0.000317    0.00204   -2.307      -0.001092
 0.000339    0.00219   -2.314      -0.000776
 0.000303    0.00167   -2.251      -0.001867
 0.000343    0.00255   -2.368      -0.001743
 0.000397    0.00287   -2.358      -0.001894
 0.000364    0.00299   -2.417      -0.002550
 0.000435    0.00392   -2.467      -0.002767
 0.000457    0.00473   -2.551      -0.003533
 0.000467    0.00508   -2.585      -0.002712
 0.000433    0.00428   -2.522      -0.002331
 0.000430    0.00400   -2.486      -0.002138
 0.000436    0.00411   -2.498      -0.001540
 0.000349    0.00286   -2.421      -0.001178
 0.000390    0.00296   -2.384      -0.001018
 0.000314    0.00215   -2.339      -0.000843
 0.000308    0.00182   -2.275      -0.001025
 0.000383    0.00238   -2.295      -0.001208
 0.000331    0.00220   -2.321      -0.001142
 0.000364    0.00260   -2.352      -0.001260
 0.000369    0.00260   -2.346      -0.001558
 0.000384    0.00311   -2.411      -0.001444
 0.000386    0.00293   -2.380      -0.001240
 0.000385    0.00299   -2.389      -0.001304
 0.000388    0.00294   -2.379      -0.001692
 0.000422    0.00364   -2.444      -0.001783
 0.000404    0.00369   -2.474      -0.001860
 0.000442    0.00412   -2.486      -0.001702
 0.000439    0.00404   -2.479      -0.001455
 0.000389    0.00332   -2.438      -0.001385
 0.000432    0.00364   -2.432      -0.001537
 0.000423    0.00377   -2.461      -0.001510
 0.000399    0.00346   -2.447      -0.001369
 0.000436    0.00376   -2.445      -0.001493
 0.000412    0.00368   -2.463      -0.001551
 0.000416    0.00368   -2.456      -0.001400
 0.000438    0.00403   -2.483      -0.001198
 0.000376    0.00360   -2.516      -0.000961
 0.000405    0.00336   -2.435      -0.000859
 0.000342    0.00287   -2.442      -0.000717
 0.000381    0.00409   -2.605      -0.000606
 0.000327    0.00446   -2.811      -0.000452
 0.000268    0.00221   -2.446      -0.000356
 0.000252    0.00171   -2.349      -0.000316
 0.000309    0.00195   -2.318      -0.006606
 0.000254    0.00141   -2.267      -0.000271
 0.000230    0.00086   -2.144      -0.000280
 0.000224    0.00087   -2.151      -0.000319
 0.000231    0.00100   -2.178      -0.000392
 0.000248    0.00121   -2.213      -0.000447
 0.000313    0.00160   -2.226      -0.000950
 0.000308    0.00171   -2.253      -0.000720
 0.000294    0.00190   -2.310      -0.000725
 0.000335    0.00234   -2.342      -0.000675
 0.000346    0.00224   -2.310      -0.000715
 0.000322    0.00224   -2.340      -0.000699
 0.000384    0.00257   -2.324      -0.000649
 0.000328    0.00213   -2.312      -0.000604
 0.000354    0.00241   -2.330      -0.000564
 0.000341    0.00203   -2.279      -0.000481
 0.000295    0.00176   -2.279      -0.000434
 0.000327    0.00204   -2.296      -0.000525
 0.000328    0.00181   -2.253      -0.000487
 0.000293    0.00164   -2.257      -0.000464
 0.000299    0.00186   -2.294      -0.000474
 0.000353    0.00209   -2.277      -0.000474
 0.000300    0.00169   -2.259      -0.000471
 0.000296    0.00183   -2.294      -0.000485
 0.000356    0.00219   -2.293      -0.000486
 0.000306    0.00173   -2.259      -0.000436
 0.000292    0.00180   -2.291      -0.000427
 0.000348    0.00218   -2.300      -0.000423
 0.000304    0.00166   -2.249      -0.000373
 0.000279    0.00159   -2.264      -0.000344
 0.000303    0.00186   -2.292      -0.000370
 0.000317    0.00173   -2.251      -0.000402
 0.000273    0.00140   -2.228      -0.000404
 0.000260    0.00139   -2.243      -0.000324
 0.000271    0.00153   -2.261      -0.000308
 0.000316    0.00164   -2.233      -0.000301
 0.000267    0.00125   -2.202      -0.000330
 0.000257    0.00129   -2.222      -0.000430
 0.000259    0.00144   -2.256      -0.000340
 0.000312    0.00179   -2.266      -0.000322
 0.000278    0.00131   -2.202      -0.000308
 0.000260    0.00128   -2.214      -0.000316
 0.000259    0.00140   -2.244      -0.000325
 0.000306    0.00176   -2.266      -0.000352
 0.000301    0.00152   -2.223      -0.000345
 0.000274    0.00142   -2.231      -0.000354
 0.000273    0.00158   -2.268      -0.000385
 0.000330    0.00198   -2.282      -0.000391
 0.000304    0.00160   -2.236      -0.000387
 0.000284    0.00160   -2.259      -0.000370
 0.000300    0.00187   -2.295      -0.000377
 0.000344    0.00197   -2.265      -0.000359
 0.000292    0.00160   -2.249      -0.000321
 0.000286    0.00175   -2.288      -0.000313
 0.000340    0.00209   -2.292      -0.000322
 0.000295    0.00152   -2.229      -0.000325
 0.000277    0.00154   -2.253      -0.000315
 0.000299    0.00197   -2.321      -0.000348
 0.000324    0.00185   -2.268      -0.000315
 0.000279    0.00142   -2.226      -0.000323
 0.000268    0.00150   -2.259      -0.000288
 0.000295    0.00187   -2.306      -0.000280
 0.000309    0.00158   -2.228      -0.000273
 0.000273    0.00132   -2.211      -0.000285
 0.000265    0.00141   -2.239      -0.000313
 0.000287    0.00167   -2.271      -0.000298
 0.000322    0.00170   -2.238      -0.000270
 0.000276    0.00138   -2.220      -0.000263
 0.000267    0.00146   -2.248      -0.000292
 0.000307    0.00200   -2.315      -0.000401
 0.000310    0.00172   -2.257      -0.000317
 0.000274    0.00139   -2.226      -0.000271
 0.000264    0.00151   -2.266      -0.000241
 0.000299    0.00202   -2.336      -0.000257
 0.000302    0.00165   -2.255      -0.000268
 0.000266    0.00130   -2.214      -0.000243
 0.000256    0.00126   -2.216      -0.000239
 0.000264    0.00143   -2.245      -0.000233
 0.000320    0.00168   -2.235      -0.000254
 0.000274    0.00130   -2.203      -0.000299
 0.000259    0.00132   -2.227      -0.000255
 0.000259    0.00168   -2.324      -0.000228
 0.000312    0.00216   -2.359      -0.000220
 0.000279    0.00144   -2.241      -0.000206
 0.000256    0.00118   -2.196      -0.000215
 0.000251    0.00125   -2.217      -0.000229
 0.000276    0.00152   -2.252      -0.000236
 0.000306    0.00153   -2.219      -0.000236
 0.000266    0.00125   -2.201      -0.000235
 0.000256    0.00130   -2.225      -0.000253
 0.000261    0.00149   -2.263      -0.000229
 0.000317    0.00178   -2.259      -0.000227
 0.000275    0.00128   -2.199      -0.000219
 0.000261    0.00191   -2.396      -0.000208
 0.000259    0.00297   -2.709      -0.000184
 0.000315    0.00289   -2.545      -0.000182
 0.000284    0.00248   -2.516      -0.000191
 0.000255    0.00200   -2.453      -0.000162
 0.000241    0.00163   -2.371      -0.000158
 0.000236    0.00120   -2.242      -0.000177
 0.000265    0.00133   -2.237      -0.002811
 0.000270    0.00116   -2.183      -0.005802
 0.000236    0.00093   -2.155      -0.000382
 0.000220    0.00091   -2.167      -0.000182
 0.000218    0.00096   -2.184      -0.000185
 0.000224    0.00106   -2.203      -0.000192
 0.000245    0.00123   -2.221      -0.000285
 0.000291    0.00136   -2.200      -0.000194
 0.000246    0.00109   -2.185      -0.000185
 0.000234    0.00109   -2.198      -0.000195
 0.000236    0.00119   -2.224      -0.000204
 0.000247    0.00136   -2.251      -0.000217
 0.000309    0.00157   -2.226      -0.000217
 0.000259    0.00119   -2.195      -0.000198
 0.000248    0.00121   -2.213      -0.000192
 0.000251    0.00136   -2.245      -0.000191
 0.000302    0.00170   -2.259      -0.000204
 0.000287    0.00137   -2.207      -0.000186
 0.000261    0.00126   -2.209      -0.000178
 0.000255    0.00134   -2.234      -0.000178
 0.000283    0.00164   -2.270      -0.000195
 0.000306    0.00155   -2.226      -0.000194
 0.000266    0.00125   -2.202      -0.000196
 0.000258    0.00133   -2.230      -0.000228
 0.000265    0.00159   -2.281      -0.000234
 0.000320    0.00179   -2.259      -0.000217
 0.000270    0.00126   -2.200      -0.000185
 0.000253    0.00124   -2.213      -0.000170
 0.000251    0.00137   -2.250      -0.000161
 0.000297    0.00175   -2.277      -0.000168
 0.000278    0.00130   -2.202      -0.000171
 0.000251    0.00112   -2.188      -0.000159
 0.000242    0.00116   -2.207      -0.000149
 0.000244    0.00133   -2.247      -0.000144
 0.000298    0.00169   -2.264      -0.000150
 0.000264    0.00114   -2.179      -0.000138
 0.000242    0.00106   -2.182      -0.000146
 0.000237    0.00112   -2.202      -0.000175
 0.000242    0.00132   -2.250      -0.000172
 0.000295    0.00175   -2.282      -0.000187
 0.000263    0.00117   -2.187      -0.000166
 0.000242    0.00108   -2.188      -0.000170
 0.000236    0.00129   -2.260      -0.000174
 0.000238    0.00186   -2.438      -0.000160
 0.000295    0.00251   -2.503      -0.000150
 0.000270    0.00204   -2.443      -0.000135
 0.000245    0.00130   -2.266      -0.000153
 0.000233    0.00095   -2.165      -0.000166
 0.000229    0.00099   -2.177      -0.000140
 0.000230    0.00107   -2.198      -0.000122
 0.000286    0.00140   -2.218      -0.000407
 0.000238    0.00094   -2.158      -0.000098
 0.000218    0.00094   -2.179      -0.000093
 0.000242    0.00536   -3.413      -0.000099
 0.000221    0.00661   -3.974      -0.000099
 0.000269    0.00584   -3.417      -0.000080
 0.000215    0.00350   -3.043      -0.000071
 0.000199    0.00229   -2.712      -0.000082
 0.000188    0.00140   -2.429      -0.000071
 0.000179    0.00073   -2.189      -0.000061
 0.000170    0.00037   -2.049      -0.000061
 0.000163    0.00037   -2.055      -0.000102
 0.000158    0.00038   -2.064      -0.000108
 0.000155    0.00040   -2.073      -0.000104
 0.000155    0.00043   -2.083      -0.000131
 0.000157    0.00045   -2.092      -0.000112
 0.000159    0.00048   -2.099      -0.000100
 0.000161    0.00051   -2.106      -0.000108
 0.000164    0.00053   -2.111      -0.000090
 0.000169    0.00055   -2.115      -0.000072
 0.000220    0.00068   -2.103      -0.001504
 0.000170    0.00055   -2.114      -0.000054
 0.000154    0.00072   -2.212      -0.003265
 0.000153    0.00076   -2.230      -0.001222
 0.000142    0.00048   -2.126      -0.000056
 0.000136    0.00042   -2.103      -0.000041
 0.000134    0.00042   -2.105      -0.000040
 0.000133    0.00042   -2.107      -0.000039
 0.000133    0.00042   -2.109      -0.000038
 0.000134    0.00043   -2.111      -0.000038
 0.000135    0.00044   -2.112      -0.000037
 0.000136    0.00044   -2.114      -0.000036
 0.000205    0.00063   -2.102      -0.003560
 0.000167    0.00048   -2.092      -0.000314
 0.000131    0.00037   -2.089      -0.000034
 0.000119    0.00038   -2.114      -0.001184
 0.000125    0.00051   -2.169      -0.003802
 0.000115    0.00035   -2.100      -0.000029
 0.000110    0.00030   -2.081      -0.000028
 0.000090    0.00024   -2.082      -0.000030
 0.000000    0.00000    0.000      -0.000028
 0.000109    0.00038   -2.127      -0.000071
 0.000438    0.00111   -2.070      -0.000030
 0.000249    0.00033   -1.998      -0.000037
 0.000305    0.00011   -1.940      -0.000035
 0.000125   -0.00004   -1.900      -0.000033
 0.000126   -0.00008   -1.878      -0.000026
 0.000158   -0.00018   -1.850      -0.000030
 0.000101   -0.00016   -1.827      -0.000128
 0.000025   -0.00005   -1.803      -0.000022
 0.000081   -0.00013   -1.820      -0.000027
 0.000155   -0.00026   -1.818      -0.000049
 0.000290   -0.00058   -1.800      -0.000021
 0.000205   -0.00053   -1.764      -0.000023
 0.000183   -0.00056   -1.736      -0.000025
 0.000122   -0.00044   -1.706      -0.000021
 0.000003   -0.00001   -1.636      -0.000017
 0.000001   -0.00000   -1.652      -0.000014
 0.000045   -0.00019   -1.673      -0.000016
 0.000002   -0.00001   -1.665      -0.000013
 0.000437   -0.00164   -1.697      -0.000017
 0.000138   -0.00061   -1.655      -0.000015
 0.000041   -0.00023   -1.586      -0.000015
 0.000073   -0.00045   -1.552      -0.000012
 0.000096   -0.00063   -1.533      -0.000010
 0.000071   -0.00048   -1.522      -0.000011
 0.000147   -0.00087   -1.571      -0.000009
 0.000223   -0.00106   -1.640      -0.000008
 0.000157   -0.00058   -1.702      -0.000007
 0.000102   -0.00020   -1.807      -0.000006
 0.000092   -0.00020   -1.795      -0.000005
 0.000056   -0.00005   -1.864      -0.000005
 0.000011    0.00000   -1.923      -0.000009
 0.000001   -0.00000   -1.884      -0.000007
 0.000001   -0.00000   -1.860      -0.000258
 0.000000   -0.00000   -1.835      -0.000561
 0.000000    0.00000    0.000      -0.001501
 0.000243   -0.00189   -1.463      -0.000201
 0.000143   -0.00091   -1.545      -0.000005
 0.000123   -0.00078   -1.544      -0.000004
 0.000116   -0.00088   -1.475      -0.000003
 0.000095   -0.00086   -1.392      -0.000004
 0.000071   -0.00078   -1.278      -0.000004
 0.000008   -0.00009   -1.224      -0.000008
 0.000031   -0.00041   -1.143      -0.000005
 0.000037   -0.00047   -1.183      -0.000006
 0.000039   -0.00046   -1.232      -0.000006
 0.000031   -0.00035   -1.253      -0.000006
 0.000029   -0.00033   -1.259      -0.000005
 0.000043   -0.00047   -1.266      -0.000006
 0.000039   -0.00044   -1.266      -0.000026
 0.000084   -0.00094   -1.261      -0.000191
 0.000119   -0.00137   -1.245      -0.000326
 0.000100   -0.00118   -1.227      -0.000043
 0.000098   -0.00119   -1.209      -0.000079
 0.000024   -0.00030   -1.186      -0.000001
 0.000074   -0.00095   -1.171      -0.000350
 0.000108   -0.00140   -1.161      -0.000275
 0.000114   -0.00151   -1.145      -0.000085
 0.000174   -0.00236   -1.128      -0.000000
 0.000189   -0.00262   -1.109      -0.000000
 0.000172   -0.00244   -1.090      -0.000000
 0.000147   -0.00215   -1.070      -0.000000
 0.000105   -0.00156   -1.052      -0.000000
 0.000090   -0.00137   -1.031      -0.000000
 0.000087   -0.00137   -1.001      -0.000000
 0.000108   -0.00176   -0.973      -0.000015
 0.000084   -0.00140   -0.956      -0.000019
 0.000031   -0.00053   -0.943      -0.000000
 0.000002   -0.00003   -0.911      -0.000000
 0.000000    0.00000    0.000       0.000000
 0.000081   -0.00141   -0.904      -0.000001
 0.000074   -0.00131   -0.896      -0.000001
 0.000058   -0.00104   -0.888      -0.000002
 0.000004   -0.00007   -0.879      -0.000000
 0.000003   -0.00006   -0.857      -0.000002
 0.000013   -0.00024   -0.832      -0.000003
 0.000004   -0.00007   -0.800      -0.000005
 0.000000    0.00000    0.000       0.000000
 0.000000    0.00000    0.000      -0.000000
 0.000000    0.00000    0.000       0.000000
 0.000000    0.00000    0.000       0.000000
 0.000000    0.00000    0.000       0.000000
 0.000000    0.00000    0.000       0.000000
 0.000000    0.00000    0.000       0.000000
 0.000000    0.00000    0.000      -0.000000
 0.000000    0.00000    0.000      -0.000000
 0.000000    0.00000    0.000       0.000000
 0.000000    0.00000    0.000      -0.000000
 0.000000    0.00000    0.000      -0.000000
 0.000000    0.00000    0.000       0.000000
 0.000000    0.00000    0.000      -0.000000
 0.000000    0.00000    0.000      -0.000000
 0.000000    0.00000    0.000       0.000000
 0.000000    0.00000    0.000       0.000000
 0.000000    0.00000    0.000      -0.000000
 0.000000    0.00000    0.000      -0.000000
 0.000000    0.00000    0.000       0.000000
 0.000000    0.00000    0.000      -0.000000
 0.000000    0.00000    0.000      -0.000000
 0.000000    0.00000    0.000       0.000000
 0.000000    0.00000    0.000      -0.000000
 0.000000    0.00000    0.000      -0.000004
 0.000000    0.00000    0.000      -0.000002
 0.000000    0.00000    0.000      -0.000003
 0.000000    0.00000    0.000      -0.000004
 0.000000    0.00000    0.000      -0.000004
 0.000000    0.00000    0.000      -0.000003
 0.000000    0.00000    0.000      -0.000001
 0.000000    0.00000    0.000      -0.000001
 0.000000    0.00000    0.000      -0.000001
 0.000000    0.00000    0.000      -0.000006
 0.000000    0.00000    0.000      -0.000075
 0.000008    0.00006   -2.352      -0.000157
 0.000287    0.00222   -2.387      -0.000177
 0.000397    0.00268   -2.327      -0.000149
 0.000407    0.00234   -2.264      -0.000131
 0.000341    0.00200   -2.273      -0.000126
 0.000299    0.00175   -2.272      -0.000102
 0.000340    0.00176   -2.230      -0.000100
 0.000301    0.00161   -2.241      -0.000108
 0.000292    0.00181   -2.293      -0.000127
 0.000357    0.00234   -2.316      -0.000150
 0.000339    0.00222   -2.314      -0.000151
 0.000329    0.00232   -2.346      -0.000147
 0.000372    0.00233   -2.297      -0.000129
 0.000302    0.00180   -2.278      -0.000109
 0.000309    0.00182   -2.275      -0.000101
