   0.00000000
   0.00000000
  -1.71751016
  -4.26224644
  -0.09645247
   0.00000000
  -0.09205355
  -0.36134593
  -1.76027501
  -0.80809879
   0.00000000
   0.00000000
   0.00000000
  -0.01646806
  -0.45403296
  -1.57266296
  -2.49454128
  -1.93081398
  -1.08238663
  -0.21510798
   0.00000000
  -0.00894747
  -0.77100857
  -2.00717442
  -2.20906429
  -1.41396135
  -0.72627476
  -0.30010256
  -0.35508619
  -0.93219412
  -1.70403598
  -1.86901318
  -2.19587547
  -2.08147348
  -1.82091251
  -1.80402914
  -1.88118852
  -2.43819591
  -1.61620808
  -1.37787885
  -1.96124222
  -2.19775056
  -2.57994215
  -2.36477049
  -2.62360802
  -3.25241231
  -3.04036582
  -3.10524978
  -2.76424331
  -2.89248579
  -2.17387179
  -1.95721880
  -2.25634408
  -2.20550396
  -2.09461334
  -2.05626108
  -2.29983074
  -2.65314033
  -2.40089886
  -2.46947735
  -2.65478472
  -2.47655772
  -2.92328940
  -2.96162099
  -3.02612115
  -2.95191061
  -2.65550573
  -3.10027653
  -2.72366880
  -3.13272021
  -2.71936194
  -3.07694333
  -2.92253385
  -2.94394771
  -2.87442713
  -2.22898300
  -2.33305435
  -2.38016925
  -2.00641167
  -1.54490418
  -1.38747140
  -1.35004669
  -1.37078378
  -1.66633920
  -1.63595381
  -1.43254338
  -1.55437662
  -1.67310645
  -1.87881284
  -2.06316726
  -2.51419766
  -2.14940863
  -2.11648901
  -2.51538797
  -2.28951132
  -2.02677856
  -1.95690459
  -2.32868610
  -1.98796954
  -1.86185551
  -1.88784162
  -1.99468251
  -2.38677085
  -1.97275210
  -1.89747781
  -1.93283764
  -2.33378539
  -2.03892075
  -1.84088516
  -1.77587385
  -1.79066344
  -2.25470687
  -1.76612685
  -1.63072036
  -1.57872352
  -1.60891556
  -1.66613312
  -2.13265482
  -1.75677928
  -1.59519963
  -1.56874538
  -1.62243711
  -1.69276720
  -2.13492270
  -1.82037473
  -1.69405499
  -1.67367309
  -1.72819739
  -1.99897841
  -2.11182376
  -1.83933330
  -1.77517052
  -1.78939427
  -2.04761023
  -2.09060349
  -1.77070619
  -1.68185979
  -1.68687755
  -1.74731888
  -2.18963906
  -1.77268299
  -1.63650093
  -1.56996396
  -1.61183954
  -1.69056599
  -2.13153468
  -1.79134998
  -1.65313058
  -1.60953642
  -1.63832667
  -1.71642445
  -2.14403402
  -1.72017576
  -1.61193796
  -1.58329749
  -1.59604321
  -1.57119247
  -2.08264352
  -1.70833550
  -1.56450994
  -1.51542393
  -1.51777441
  -1.56483011
  -1.85856124
  -1.87126348
  -1.58241002
  -1.48617895
  -1.46809258
  -1.48808694
  -1.52670629
  -1.79995871
  -1.83728365
  -1.56758994
  -1.47298479
  -1.45613746
  -1.51337170
  -1.46884498
  -1.76789752
  -1.73667811
  -1.43616162
  -1.28130959
  -1.21952588
  -1.19993076
  -1.21485358
  -1.26236231
  -1.32147387
  -1.51430762
  -1.73697974
  -1.34710308
  -1.33202980
  -1.29639599
  -1.31153548
  -1.36212845
  -1.42225782
  -1.49143635
  -1.96674244
  -1.56482375
  -1.45902968
  -1.41826550
  -1.42631083
  -1.46569554
  -1.50204042
  -2.00191045
  -1.57434786
  -1.45917477
  -1.40518498
  -1.40045839
  -1.44051646
  -1.46212080
  -1.91977595
  -1.57689202
  -1.42064571
  -1.34692302
  -1.32087206
  -1.33990751
  -1.38442154
  -1.39847861
  -1.89361487
  -1.48221194
  -1.34716835
  -1.26558919
  -1.24257994
  -1.24954838
  -1.28753629
  -1.32667693
  -1.62420246
  -1.66938308
  -1.37446768
  -1.24869875
  -1.18328734
  -1.15956154
  -1.15524540
  -1.15542243
  -1.15118096
  -1.13756785
  -1.59905096
  -1.49473599
  -1.25924611
  -1.05578975
  -0.86474022
  -0.72244558
  -0.58646191
  -0.53285568
  -0.55892939
  -0.57924437
  -0.59827213
  -0.62416837
  -0.64026926
  -0.65734165
  -0.67193911
  -0.69650814
  -0.71741934
  -0.73319517
  -0.74323744
  -1.24485543
  -1.12131363
  -0.87657698
  -0.76791325
  -0.70111475
  -0.65238131
  -0.61115906
  -0.57979675
  -0.61857127
  -0.59695803
  -0.52920771
  -0.48185368
  -0.44982830
  -0.42647893
  -0.40494003
  -0.38443119
  -0.34120790
  -4.06613881
  -2.89978635
  -2.18955912
  -1.52272212
  -1.56488116
  -1.15188182
  -0.79988624
  -0.51218719
  -0.30546793
  -0.22645178
  -0.40303043
  -0.58635669
  -0.92098291
  -0.21045773
  -1.41099615
  -0.64894097
   0.00000000
   0.00000000
   0.00000000
  -0.32249147
  -0.58060439
  -0.56503008
  -0.14895480
  -0.29466192
  -0.38501478
  -0.26493062
  -0.56877511
  -0.47706624
  -0.50180443
  -0.12857990
  -0.02158012
   0.00000000
   0.00000000
   0.00000000
   0.00000000
  -0.22628015
  -0.13049167
   0.00000000
   0.00000000
   0.00000000
   0.00000000
   0.00000000
   0.00000000
   0.00000000
   0.00000000
   0.00000000
   0.00000000
   0.00000000
   0.00000000
   0.00000000
   0.00000000
   0.00000000
   0.00000000
   0.00000000
   0.00000000
   0.00000000
   0.00000000
   0.00000000
   0.00000000
   0.00000000
   0.00000000
   0.00000000
   0.00000000
   0.00000000
   0.00000000
   0.00000000
   0.00000000
   0.00000000
   0.00000000
   0.00000000
   0.00000000
   0.00000000
   0.00000000
   0.00000000
   0.00000000
   0.00000000
   0.00000000
   0.00000000
   0.00000000
   0.00000000
   0.00000000
   0.00000000
   0.00000000
   0.00000000
   0.00000000
   0.00000000
   0.00000000
  -1.85421333
  -5.93489948
  -1.41637520
  -2.38651437
  -0.72112264
  -0.05617194
  -0.00012148
   0.00000000
   0.00000000
   0.00000000
  -0.17761745
  -0.03122573
   0.00000000
   0.00000000
  -0.51968297
  -2.28554835
  -2.30645165
  -3.24607807
  -3.26438719
  -3.80926785
  -2.71528629
  -2.65166271
  -2.31837508
  -2.80960462
  -3.62301344
  -3.84564997
  -3.48941787
  -3.39428822
  -3.10758150
  -2.56440242
  -2.39171292
  -2.56340891
  -2.28554250
  -2.23517342
  -2.49695087
  -3.01095423
  -2.60423662
  -2.91468322
  -2.40341285
  -2.05953189
  -2.12210647
