   0.00000000
   0.00000000
  -1.71690215
  -4.26429829
  -0.09319204
   0.00000000
  -0.39832426
  -4.48460956
  -4.54399942
  -3.12660995
  -0.76205121
  -0.13141979
   0.00000000
  -0.83234482
  -2.94790184
  -3.67565875
  -3.75847171
  -3.68102883
  -2.29190914
  -1.33148687
  -1.16637306
  -1.05358498
  -1.64763603
  -2.65963773
  -2.86182238
  -2.92949925
  -1.75931663
  -1.18335970
  -1.14180812
  -2.26146626
  -2.68333496
  -2.68417751
  -3.27002260
  -3.04415493
  -3.37971023
  -2.98171981
  -3.42941428
  -3.37440234
  -3.11992284
  -2.37186751
  -3.13470635
  -3.40735720
  -3.61788370
  -3.88644065
  -4.22291924
  -4.53225184
  -4.64279704
  -4.28391158
  -4.20930208
  -4.17329490
  -3.27722545
  -3.46190138
  -2.75420630
  -3.14932547
  -2.96540526
  -3.41688293
  -3.11622260
  -3.58496092
  -3.77735335
  -3.49223156
  -3.52366321
  -3.77570460
  -3.88138442
  -4.02431387
  -4.18449913
  -4.05118408
  -3.90262233
  -3.98522120
  -4.02874613
  -3.97835306
  -3.82639707
  -3.98437615
  -4.07861241
  -4.02158245
  -4.06897260
  -3.33851799
  -3.85167599
  -3.28399629
  -4.23721893
  -2.75970276
  -2.41107372
  -2.99549759
  -2.19949982
  -2.01411246
  -1.98051282
  -2.15142154
  -2.71382885
  -2.57211879
  -2.84594627
  -3.30468667
  -3.45309807
  -3.19657134
  -3.57051950
  -3.23806939
  -3.39369000
  -3.34719467
  -2.98801548
  -2.99728844
  -2.88610962
  -2.68169737
  -3.17115343
  -2.78642312
  -3.22247724
  -2.81000124
  -3.24332082
  -2.86378374
  -3.22150616
  -2.82563309
  -3.12250904
  -2.85458546
  -2.75525938
  -3.02036010
  -2.46818512
  -2.66137744
  -2.71265686
  -2.39100646
  -2.69899278
  -2.66756475
  -2.40676470
  -2.83887226
  -2.57321251
  -2.49213827
  -2.97383509
  -2.57827674
  -2.77031263
  -2.88634799
  -2.60292423
  -3.09074575
  -2.68222164
  -3.01697652
  -2.86987218
  -2.82527252
  -3.09260828
  -2.72109849
  -3.14356676
  -2.61982490
  -3.03370520
  -2.69189848
  -2.58348444
  -3.00176026
  -2.49816567
  -2.70686721
  -2.78187188
  -2.46408439
  -2.89272134
  -2.66105875
  -2.56016170
  -3.00036314
  -2.54924511
  -2.84961097
  -2.73187693
  -2.49567515
  -2.96878567
  -2.54233787
  -2.52291728
  -2.95192984
  -2.44906732
  -2.56615111
  -2.83080333
  -2.43517601
  -2.77010469
  -2.64138166
  -2.39234626
  -2.89787078
  -2.51337132
  -2.35128443
  -2.79756498
  -2.51730427
  -2.37952839
  -2.84069739
  -2.50798526
  -2.40727504
  -2.87595522
  -2.45315855
  -2.42709659
  -3.15591187
  -2.60073188
  -2.37947485
  -2.68754450
  -2.31811182
  -2.08619154
  -2.08078853
  -2.51044665
  -2.23717589
  -2.08204976
  -2.16276158
  -2.60943950
  -2.22987448
  -2.19033227
  -2.60820845
  -2.44641471
  -2.26595314
  -2.55813830
  -2.62548638
  -2.32804679
  -2.53615393
  -2.72230777
  -2.37359516
  -2.61914962
  -2.68327259
  -2.35830467
  -2.67930613
  -2.61231259
  -2.34139643
  -2.65606370
  -2.59835821
  -2.31528013
  -2.60225754
  -2.59755408
  -2.28148568
  -2.38957300
  -2.71705158
  -2.27149174
  -2.26962179
  -2.72337225
  -2.29196269
  -2.19399016
  -2.61374058
  -2.38722399
  -2.18066330
  -2.26925728
  -2.64608943
  -2.20220041
  -2.13385319
  -2.57888720
  -2.32037585
  -2.10856334
  -2.13287770
  -2.60032419
  -2.18751334
  -2.05961111
  -2.14888400
  -2.62723223
  -2.35235447
  -2.39207658
  -2.60189685
  -2.81037743
  -2.28317918
  -1.98665781
  -1.81658699
  -1.75811021
  -2.06956555
  -1.87835493
  -1.68253409
  -1.62154632
  -1.64350698
  -1.69799760
  -2.14205874
  -1.83643359
  -1.65851233
  -1.61784840
  -1.66500518
  -2.44339846
  -2.62160683
  -2.06963459
  -1.82976509
  -1.64567365
  -1.59714261
  -1.76953243
  -2.00960330
  -1.88245675
  -1.80557302
  -1.77355368
  -1.75123991
  -1.72497224
  -2.22383993
  -3.19537232
  -1.92301283
  -1.15310465
  -1.10569068
  -1.01583057
  -0.00283036
  -1.21528071
  -3.77734108
  -1.81806711
  -1.83480258
  -1.29579123
  -0.93646197
  -0.45490891
  -0.06098834
  -0.00008063
   0.00000000
  -0.09780531
  -0.81832318
  -1.40039629
  -1.31935896
  -0.85285164
  -0.03013594
  -0.00680564
  -0.39507531
  -0.14271471
  -1.92476671
  -1.63919106
  -0.26033456
  -0.44084387
  -0.55042230
  -0.41720171
  -0.82236997
  -1.16920841
  -0.14517431
  -0.65784142
  -0.56093350
  -0.36873136
  -0.27500396
  -0.11888904
  -0.03048449
  -0.05241831
  -0.58986871
  -0.19356034
  -0.12104340
  -0.30901289
  -0.55741493
  -0.60135627
  -0.50060885
  -0.54290668
  -0.61779044
  -0.52857049
  -0.48460095
  -0.35232447
  -0.29516246
  -0.42026732
  -0.37815123
  -0.59690195
  -0.80936243
  -0.56219773
  -0.54554713
  -0.12717098
  -0.50450676
  -0.62104770
  -0.55475391
  -0.78195454
  -0.48681363
  -0.76161364
  -0.89064498
  -0.62635559
  -0.54737762
  -0.48934217
  -0.52463524
  -0.43430404
  -0.16270570
  -0.07611073
  -0.00100760
  -0.23664951
  -0.39414284
  -0.44264419
  -0.13476275
  -0.07402170
  -0.02031739
  -0.03389399
  -0.05792408
  -0.00297816
   0.00000000
   0.00000000
  -0.15164277
  -0.00276902
  -0.06884047
  -0.08793139
  -0.04886074
   0.00000000
   0.00000000
   0.00000000
   0.00000000
   0.00000000
   0.00000000
   0.00000000
   0.00000000
   0.00000000
   0.00000000
   0.00000000
   0.00000000
   0.00000000
   0.00000000
   0.00000000
   0.00000000
   0.00000000
   0.00000000
   0.00000000
   0.00000000
   0.00000000
   0.00000000
   0.00000000
   0.00000000
   0.00000000
   0.00000000
   0.00000000
   0.00000000
   0.00000000
   0.00000000
   0.00000000
   0.00000000
   0.00000000
   0.00000000
  -0.70348977
  -2.48373802
  -3.47487627
  -3.00622978
  -3.06227764
  -2.85169837
  -2.66685058
