   0.00000000
   0.00000000
   0.76640482
   2.76224453
   0.08113112
   0.00000000
   0.20658592
   2.83381280
   2.89593178
   2.36754882
   0.65887444
   0.11663484
   0.00000000
   0.54338102
   2.13082286
   2.60083110
   2.69621467
   2.68488395
   1.82535792
   1.12616999
   1.02753835
   0.84332897
   1.29384355
   2.05302290
   2.11925693
   2.26907290
   1.45234076
   1.00678081
   0.95009916
   1.77757788
   2.12305488
   2.05451642
   2.42913690
   2.26676719
   2.53189998
   2.23859506
   2.57633769
   2.46774316
   2.36980852
   1.77719712
   2.41959516
   2.46991736
   2.64302451
   2.76632567
   2.89841953
   3.01518093
   3.05049898
   2.93611264
   2.91242602
   2.83814802
   2.36753286
   2.54767954
   2.05413843
   2.44599740
   2.23010646
   2.55288205
   2.30748600
   2.64356256
   2.71368130
   2.52140942
   2.59558199
   2.73414894
   2.74030519
   2.79996264
   2.88435360
   2.82986710
   2.77907642
   2.83405408
   2.83082046
   2.79660442
   2.70341087
   2.80697903
   2.85267444
   2.83231403
   2.77416014
   2.41271632
   2.64739980
   2.22882985
   2.47912033
   2.01935995
   1.82360039
   2.09014305
   1.82406810
   1.67025075
   1.61893243
   1.71885228
   2.15264154
   2.00309051
   2.13198905
   2.46823653
   2.54190912
   2.37145499
   2.64434279
   2.38670673
   2.53572092
   2.47669331
   2.26379112
   2.25845219
   2.23793750
   2.06168925
   2.43530761
   2.11946389
   2.45061496
   2.14218174
   2.45736850
   2.18270716
   2.43487807
   2.16929358
   2.34942228
   2.18876461
   2.06214839
   2.30423170
   1.92608296
   2.06466412
   2.14311796
   1.88038150
   2.10079623
   2.10442781
   1.88095568
   2.20278270
   2.03071527
   1.93377952
   2.30608841
   2.01327145
   2.12506883
   2.24706505
   2.00607219
   2.37346085
   2.07566022
   2.29829682
   2.21708090
   2.14828329
   2.37837192
   2.07735189
   2.39288729
   2.03005476
   2.30019227
   2.10410195
   1.98766274
   2.30795809
   1.96203534
   2.08293717
   2.17945121
   1.92522408
   2.23527760
   2.08750616
   1.97677230
   2.32464891
   1.98837123
   2.18243027
   2.14191694
   1.93847914
   2.28222166
   2.00383658
   1.95076958
   2.26486758
   1.93282051
   1.99436103
   2.22359347
   1.90952089
   2.13476050
   2.08479187
   1.87342441
   2.18346996
   2.00092395
   1.85043938
   2.17600809
   1.99949707
   1.86299985
   2.20679239
   1.98618467
   1.87853421
   2.23218653
   1.94498802
   1.87727097
   2.23450807
   1.91533389
   1.79386184
   2.07439731
   1.87078354
   1.68780884
   1.66513604
   2.01423901
   1.80928378
   1.66994539
   1.71024459
   2.07825570
   1.79105258
   1.73287189
   2.04417625
   1.95584201
   1.79510073
   1.99106945
   2.08126868
   1.84226172
   1.97037929
   2.14961143
   1.87144527
   2.03065796
   2.11889375
   1.85933060
   2.06840012
   2.06978703
   1.84881928
   2.05761958
   2.06056102
   1.83196121
   2.00934088
   2.05860661
   1.81520058
   1.86388277
   2.14143303
   1.81610056
   1.78570131
   2.12986346
   1.84122315
   1.74215073
   2.03556310
   1.91847923
   1.74447229
   1.78080082
   2.09132054
   1.77538636
   1.69828287
   1.99470739
   1.87178713
   1.69948115
   1.68964450
   2.03345497
   1.77630092
   1.65899848
   1.69178179
   2.02604243
   1.74207305
   1.65887318
   1.74636941
   1.96528039
   1.68487378
   1.54582458
   1.47529218
   1.45325394
   1.71981750
   1.56542636
   1.39811719
   1.33916603
   1.34786807
   1.38390746
   1.75857892
   1.52151648
   1.37293558
   1.33231849
   1.34866817
   1.63619966
   1.70896211
   1.52336513
   1.43450043
   1.36420026
   1.33574529
   1.46889737
   1.58414779
   1.36960904
   1.26002538
   1.21272231
   1.18431596
   1.16096217
   1.41549555
   1.54408834
   1.07607433
   0.94102527
   0.97736676
   0.89528768
   0.00246740
   1.04113082
   3.39798123
   1.71796920
   1.77983650
   1.28409318
   0.93990178
   0.45838514
   0.06089631
   0.00007938
   0.00000000
   0.09248770
   0.78238321
   1.37669043
   1.32807241
   0.87476538
   0.03128721
   0.00698002
   0.40274026
   0.14554336
   1.96803819
   1.75387133
   0.29163293
   0.50299614
   0.63418319
   0.48591627
   0.95768775
   1.37765878
   0.17378766
   0.77906148
   0.63139178
   0.38462013
   0.27441958
   0.09929234
   0.02432759
   0.05633069
   0.66187293
   0.18428442
   0.12557495
   0.38942160
   0.72802736
   0.79369981
   0.65033312
   0.68279521
   0.75170195
   0.62447796
   0.56259135
   0.39907717
   0.33676417
   0.48504672
   0.44136935
   0.71955160
   0.99556331
   0.69795705
   0.69669628
   0.16509872
   0.68369092
   0.84289777
   0.76202456
   1.08098010
   0.68240466
   1.10230130
   1.28525573
   0.88719134
   0.79601842
   0.73848890
   0.81850317
   0.68425726
   0.25039854
   0.11921257
   0.00159000
   0.41254136
   0.70725582
   0.81308758
   0.22914263
   0.13206291
   0.04448446
   0.07454689
   0.12267099
   0.00618315
   0.00000000
   0.00000000
   0.30961937
   0.00563896
   0.14064846
   0.18047583
   0.10083980
   0.00000000
   0.00000000
   0.00000000
   0.00000000
   0.00000000
   0.00000000
   0.00000000
   0.00000000
   0.00000000
   0.00000000
   0.00000000
   0.00000000
   0.00000000
   0.00000000
   0.00000000
   0.00000000
   0.00000000
   0.00000000
   0.00000000
   0.00000000
   0.00000000
   0.00000000
   0.00000000
   0.00000000
   0.00000000
   0.00000000
   0.00000000
   0.00000000
   0.00000000
   0.00000000
   0.00000000
   0.00000000
   0.00000000
   0.00000000
   0.58174762
   2.00130979
   2.75834779
   2.33973189
   2.33962501
   2.19980479
   2.04081157
