   0.00000000
   0.00000000
  -1.71696606
  -4.27122283
  -0.08736424
   0.00000000
  -0.77941326
  -4.83385534
  -4.75836425
  -2.84560695
  -0.40141738
   0.00000000
   0.00000000
  -0.78207044
  -1.18828187
  -3.95894055
  -4.05144274
  -3.31248521
  -2.05257353
  -0.95915834
  -0.24101443
  -0.55451301
  -1.58403407
  -3.33890408
  -3.50680593
  -3.22908804
  -1.85767002
  -1.28131019
  -1.55053918
  -2.40436608
  -2.99925034
  -3.09237153
  -3.54037538
  -3.68567289
  -3.43851219
  -3.42169905
  -3.65401277
  -3.69289123
  -3.31497165
  -2.54404545
  -3.36528955
  -3.88756478
  -3.61781999
  -4.05567095
  -4.50265483
  -4.92011885
  -4.87242553
  -4.43378388
  -4.34582199
  -4.35393966
  -3.66974606
  -3.25137498
  -3.20343312
  -2.97075915
  -3.29788156
  -3.26521928
  -3.58902357
  -3.46613407
  -3.82070640
  -3.84637076
  -3.71731931
  -3.61116017
  -4.01815265
  -4.23373552
  -4.32936546
  -4.19143836
  -4.02193991
  -4.06244039
  -4.11848132
  -4.09927484
  -4.02440535
  -4.02354839
  -4.13202192
  -4.05165494
  -4.05950812
  -3.81942451
  -3.55603168
  -3.81984524
  -3.98567654
  -3.13522274
  -2.72810062
  -2.81892353
  -2.01262391
  -2.05656041
  -2.47075587
  -2.29985495
  -2.29560939
  -2.79097128
  -3.05585287
  -3.39667168
  -3.31013066
  -3.61985137
  -3.47896545
  -3.35916466
  -3.58278435
  -3.15300475
  -3.36501071
  -2.83091081
  -3.15393394
  -2.72793387
  -3.22080275
  -2.88610005
  -3.27820071
  -2.90010846
  -3.31802757
  -2.93001510
  -3.31990414
  -2.85547577
  -3.27038643
  -2.80298315
  -3.16931116
  -2.76781313
  -2.56359391
  -2.95914054
  -2.49638523
  -2.54019486
  -2.90030247
  -2.48251840
  -2.83448919
  -2.67285435
  -2.52058336
  -3.01186589
  -2.62354651
  -2.87238235
  -2.88133094
  -2.68034280
  -3.12743156
  -2.70155608
  -3.16631040
  -2.80421586
  -3.14018875
  -2.91178615
  -3.08427486
  -2.95285455
  -2.90655665
  -3.05404613
  -2.67778668
  -3.13583970
  -2.61401366
  -2.94972654
  -2.74293620
  -2.54026483
  -3.01086550
  -2.57891204
  -2.77040598
  -2.89930911
  -2.60646868
  -3.07178121
  -2.63419344
  -2.92396075
  -2.78456786
  -2.59111560
  -3.03605880
  -2.56710271
  -2.82307937
  -2.77706741
  -2.48855067
  -2.95786047
  -2.59837084
  -2.55454602
  -2.96102994
  -2.49746172
  -2.83789730
  -2.69729036
  -2.42501621
  -2.87769613
  -2.57004532
  -2.45210724
  -2.92193062
  -2.53199706
  -2.54320204
  -2.92184615
  -2.47643533
  -2.77304432
  -2.71192136
  -2.66584410
  -3.08234483
  -2.61331760
  -2.29516374
  -2.31473822
  -2.60359433
  -2.18723618
  -2.11810397
  -2.48297582
  -2.40152598
  -2.17846590
  -2.26596974
  -2.70673210
  -2.31589553
  -2.31712089
  -2.78813828
  -2.42455385
  -2.38764202
  -2.86519978
  -2.46382359
  -2.45512360
  -2.90258610
  -2.47784742
  -2.57579611
  -2.85401540
  -2.43279929
  -2.79136003
  -2.63645693
  -2.40624054
  -2.85383498
  -2.53350106
  -2.38524893
  -2.86985433
  -2.45161226
  -2.34347769
  -2.82548443
  -2.41785781
  -2.29940991
  -2.76909916
  -2.41200700
  -2.25836964
  -2.65954966
  -2.46211645
  -2.24040850
  -2.42072037
  -2.63033194
  -2.23676562
  -2.24118218
  -2.69840943
  -2.26119889
  -2.14982676
  -2.51269315
  -2.43327743
  -2.14094847
  -2.12744668
  -2.61265261
  -2.25452892
  -2.28820940
  -2.56569726
  -3.08763147
  -2.94327684
  -2.47325472
  -2.25408947
  -2.47316546
  -1.98573045
  -1.74264796
  -1.65610453
  -1.65488407
  -1.69991623
  -2.04381168
  -1.95103330
  -1.70683162
  -1.62416437
  -1.62919943
  -1.68310748
  -2.14721058
  -1.94033883
  -2.51060004
  -2.29394501
  -1.76847576
  -2.00585765
  -1.62683086
  -1.56688860
  -1.50259108
  -1.46539419
  -1.60448188
  -1.79174858
  -2.23503623
  -2.19682714
  -1.96419275
  -1.85680674
  -2.45088169
  -1.78638813
  -1.00939499
  -0.75613354
  -0.15110707
  -4.25599719
  -1.36261429
  -0.74142484
  -0.08328647
  -0.01060733
  -2.92104199
  -0.92861406
  -0.10206996
  -0.46472202
  -0.58554447
  -0.01440532
   0.00000000
  -0.53975711
  -0.47670213
  -0.54433359
  -0.29004765
  -0.00437103
  -0.03449050
  -0.02636717
  -0.20798134
  -0.92876829
  -0.55263338
   0.00000000
  -0.37069279
  -0.27330922
  -0.00311282
  -0.32190759
  -1.04740932
  -1.35262846
  -1.14149625
  -0.77447051
  -0.67596708
  -0.45298253
  -0.90952292
  -0.89329519
  -1.13571636
  -1.62962374
  -1.07438294
  -0.99866132
  -1.10852051
  -1.06551498
  -0.91356102
  -0.65379522
  -0.68984670
  -0.75901889
  -0.62657714
  -0.52232596
  -0.40315972
  -0.32244349
  -0.34196229
  -0.28114819
  -0.15576310
  -0.21288450
  -0.17831160
  -0.17798968
  -0.00534848
  -0.02158721
  -0.20100794
  -0.00482662
  -0.16706029
  -0.17232477
  -0.05676573
  -0.16087398
  -0.07972846
   0.00000000
  -0.12718876
  -0.29343313
  -0.31935539
  -0.12115880
  -0.08468964
  -0.04984186
  -0.20807633
  -0.44908743
  -0.74698035
  -0.24610487
  -0.30007217
  -0.50257629
  -0.51868623
  -0.39677242
  -0.12023405
   0.00000000
  -0.13508010
  -0.25386694
  -0.04120921
  -0.20686906
  -0.12325053
  -0.09739450
   0.00000000
   0.00000000
   0.00000000
   0.00000000
   0.00000000
   0.00000000
   0.00000000
   0.00000000
  -0.03692137
   0.00000000
   0.00000000
   0.00000000
   0.00000000
   0.00000000
   0.00000000
   0.00000000
   0.00000000
   0.00000000
   0.00000000
   0.00000000
   0.00000000
   0.00000000
   0.00000000
   0.00000000
   0.00000000
   0.00000000
   0.00000000
   0.00000000
   0.00000000
   0.00000000
   0.00000000
  -0.13057848
  -1.72704474
  -2.96182691
  -2.74690669
  -3.00539235
  -3.06083238
  -2.89133692
  -3.18454640
  -2.85937796
  -3.11199666
