    0.000
    0.000
    0.003
    0.005
    0.005
    0.005
    0.008
    0.009
    0.012
    0.013
    0.013
    0.013
    0.012
    0.012
    0.013
    0.015
    0.016
    0.017
    0.017
    0.017
    0.017
    0.017
    0.018
    0.020
    0.021
    0.022
    0.022
    0.022
    0.022
    0.023
    0.024
    0.025
    0.027
    0.028
    0.029
    0.030
    0.032
    0.033
    0.034
    0.035
    0.037
    0.038
    0.040
    0.042
    0.044
    0.047
    0.050
    0.052
    0.053
    0.055
    0.056
    0.057
    0.057
    0.059
    0.060
    0.061
    0.062
    0.064
    0.066
    0.067
    0.068
    0.070
    0.072
    0.074
    0.076
    0.078
    0.080
    0.081
    0.083
    0.085
    0.087
    0.089
    0.091
    0.092
    0.093
    0.095
    0.096
    0.096
    0.097
    0.097
    0.098
    0.098
    0.099
    0.099
    0.100
    0.101
    0.101
    0.103
    0.104
    0.105
    0.107
    0.108
    0.109
    0.110
    0.112
    0.113
    0.113
    0.114
    0.115
    0.116
    0.117
    0.118
    0.119
    0.120
    0.121
    0.122
    0.123
    0.124
    0.125
    0.126
    0.127
    0.127
    0.128
    0.129
    0.129
    0.130
    0.131
    0.132
    0.132
    0.133
    0.134
    0.135
    0.136
    0.137
    0.137
    0.138
    0.139
    0.140
    0.141
    0.142
    0.143
    0.144
    0.145
    0.146
    0.147
    0.148
    0.148
    0.149
    0.150
    0.151
    0.151
    0.152
    0.153
    0.154
    0.155
    0.156
    0.156
    0.157
    0.158
    0.159
    0.160
    0.160
    0.161
    0.162
    0.163
    0.163
    0.164
    0.165
    0.166
    0.166
    0.167
    0.168
    0.169
    0.169
    0.170
    0.171
    0.172
    0.172
    0.173
    0.174
    0.175
    0.175
    0.176
    0.177
    0.177
    0.178
    0.179
    0.179
    0.180
    0.180
    0.181
    0.181
    0.182
    0.183
    0.183
    0.184
    0.184
    0.185
    0.186
    0.187
    0.187
    0.188
    0.189
    0.190
    0.190
    0.191
    0.192
    0.193
    0.193
    0.194
    0.195
    0.195
    0.196
    0.197
    0.197
    0.198
    0.199
    0.199
    0.200
    0.201
    0.201
    0.202
    0.203
    0.203
    0.204
    0.205
    0.205
    0.206
    0.206
    0.207
    0.208
    0.208
    0.209
    0.209
    0.210
    0.210
    0.211
    0.211
    0.212
    0.212
    0.213
    0.213
    0.214
    0.214
    0.215
    0.215
    0.216
    0.216
    0.216
    0.217
    0.217
    0.217
    0.218
    0.218
    0.219
    0.219
    0.219
    0.220
    0.220
    0.220
    0.221
    0.221
    0.221
    0.222
    0.222
    0.222
    0.222
    0.223
    0.223
    0.223
    0.223
    0.224
    0.224
    0.224
    0.224
    0.225
    0.225
    0.225
    0.225
    0.225
    0.228
    0.231
    0.233
    0.234
    0.234
    0.234
    0.233
    0.232
    0.233
    0.233
    0.233
    0.233
    0.233
    0.233
    0.232
    0.231
    0.230
    0.230
    0.231
    0.231
    0.230
    0.230
    0.230
    0.230
    0.229
    0.228
    0.228
    0.226
    0.224
    0.222
    0.221
    0.220
    0.219
    0.218
    0.218
    0.216
    0.217
    0.214
    0.212
    0.212
    0.210
    0.208
    0.207
    0.205
    0.204
    0.203
    0.201
    0.201
    0.199
    0.199
    0.197
    0.196
    0.196
    0.194
    0.194
    0.192
    0.192
    0.192
    0.191
    0.190
    0.188
    0.186
    0.182
    0.180
    0.177
    0.175
    0.173
    0.170
    0.168
    0.166
    0.166
    0.164
    0.163
    0.160
    0.156
    0.154
    0.152
    0.148
    0.146
    0.143
    0.142
    0.142
    0.139
    0.137
    0.137
    0.135
    0.135
    0.133
    0.133
    0.133
    0.133
    0.133
    0.133
    0.133
    0.133
    0.134
    0.134
    0.134
    0.134
    0.134
    0.134
    0.134
    0.134
    0.134
    0.134
    0.134
    0.134
    0.135
    0.135
    0.136
    0.136
    0.137
    0.138
    0.138
    0.139
    0.140
    0.141
    0.142
    0.143
    0.143
    0.144
    0.144
    0.145
    0.146
    0.147
    0.148
    0.149
    0.150
    0.151
