   0.00000000
   0.00000000
  -1.77960542
  -4.46831205
  -0.25198179
   0.00000000
  -0.90489700
  -5.24914720
  -5.07946779
  -3.04349335
  -0.58328765
  -0.00574472
   0.00000000
  -0.70545882
  -1.26889890
  -4.15135936
  -4.01417208
  -3.14555475
  -1.93248793
  -1.24665186
  -0.35562415
  -0.35230791
  -0.78727174
  -2.52348222
  -2.96879154
  -2.78593158
  -1.59971798
  -0.92281370
  -0.29724841
  -0.61997559
  -2.65832583
  -3.17538865
  -3.51423992
  -3.31019751
  -3.50625653
  -3.20656207
  -3.50529401
  -4.01374982
  -2.72256213
  -2.89997734
  -3.46803932
  -4.24754743
  -4.00032561
  -4.47763607
  -5.12774773
  -5.29621494
  -5.44854008
  -4.57048377
  -4.60568179
  -4.68115742
  -3.40349611
  -3.41711412
  -2.69572743
  -3.23820917
  -3.27630967
  -3.54227530
  -3.68130445
  -3.79242944
  -4.12305143
  -3.88150222
  -3.76394918
  -4.08649679
  -4.34174394
  -4.53299428
  -4.61259073
  -4.39289570
  -4.11302684
  -4.23988422
  -4.36964756
  -4.31147323
  -4.27575701
  -4.38408757
  -4.45165305
  -4.31369227
  -4.34187215
  -3.63858279
  -3.92640057
  -3.85615024
  -4.70910065
  -2.55496502
  -2.62006703
  -2.73061375
  -1.87851717
  -1.86453659
  -1.99487220
  -2.37984903
  -3.03386357
  -3.00058250
  -3.71763654
  -4.01549454
  -3.95989095
  -3.60153440
  -3.81941841
  -3.85561234
  -3.66936610
  -3.35075863
  -3.48507304
  -2.77737218
  -3.11613213
  -2.99801586
  -3.42727193
  -3.20049348
  -3.52317442
  -3.30913658
  -3.38475132
  -3.56581579
  -3.13734884
  -3.45825807
  -3.07901165
  -3.30550333
  -2.90354884
  -3.16028899
  -2.54979326
  -2.80406129
  -2.79831690
  -2.60478723
  -3.10177923
  -2.70203885
  -3.08343216
  -2.78913189
  -3.02557374
  -3.07423787
  -3.11775587
  -3.14566599
  -3.23990620
  -3.11553890
  -3.36841373
  -3.08803809
  -3.48417936
  -3.14396955
  -3.52230801
  -3.35997475
  -3.26232262
  -3.48775988
  -2.98643711
  -3.38253290
  -2.86353134
  -3.29331077
  -2.82772874
  -3.10692188
  -2.86239399
  -2.86754809
  -3.07641233
  -2.84399223
  -3.27653967
  -2.95492627
  -3.31822360
  -2.98514913
  -3.26507121
  -2.95263972
  -3.23001801
  -2.86233773
  -3.22628305
  -2.80448288
  -3.25952112
  -2.74698007
  -3.20208395
  -2.81884192
  -3.15173287
  -2.91385414
  -3.08892347
  -2.91218076
  -2.87871299
  -3.05309202
  -2.67014083
  -3.14652608
  -2.73279814
  -3.15128727
  -2.86680974
  -3.11921992
  -2.91915518
  -3.02159839
  -3.00597622
  -2.84825251
  -3.23281051
  -3.30915098
  -3.37245432
  -2.55072231
  -2.29082850
  -2.55938052
  -2.49270687
  -2.25439400
  -2.37365465
  -2.78279077
  -2.41058309
  -2.65403293
  -2.86070898
  -2.58929439
  -3.09969705
  -2.74237722
  -3.06727277
  -2.88769500
  -2.97730201
  -3.05247950
  -2.87172018
  -3.22443941
  -2.89490166
  -3.24718519
  -2.85827992
  -3.23784017
  -2.77157739
  -3.22370404
  -2.73426996
  -3.15116027
  -2.77832100
  -3.03144016
  -2.87380053
  -2.69513207
  -3.08651106
  -2.59091671
  -3.00357031
  -2.68982456
  -2.61865700
  -3.01145247
  -2.52954390
  -2.90554934
  -2.68776004
  -2.51482359
  -2.99012775
  -2.53084459
  -2.59902517
  -2.89470237
  -2.43774578
  -2.77639564
  -2.63307889
  -2.37145875
  -2.78330754
  -2.53949777
  -2.34057084
  -2.75741698
  -2.51512596
  -2.33891460
  -2.85532011
  -2.73317362
  -3.12150052
  -3.85851423
  -3.22771748
  -2.30451901
  -2.03730027
  -1.92534628
  -2.01276163
  -2.10163462
  -1.90357024
  -1.80277304
  -1.81940704
  -1.92457028
  -2.34253927
  -1.93435992
  -1.82100461
  -1.83889305
  -2.34935792
  -2.23012075
  -1.88226728
  -1.90076108
  -2.21971964
  -2.63382200
  -2.17186280
  -1.95004756
  -1.83263681
  -1.78758323
  -2.00855805
  -2.05247734
  -1.74172883
  -1.59306765
  -1.38806810
  -2.03098765
  -1.37195587
  -1.17326821
  -1.17641846
  -2.96488491
  -5.58265663
  -2.99726034
  -0.92425305
  -1.58508657
  -0.86225065
  -0.98913735
  -0.59046781
  -0.37938479
  -0.11342938
  -0.43604599
  -0.52485901
  -0.02217458
   0.00000000
  -0.62605716
  -0.52717012
  -0.29958202
  -0.36015790
  -0.00717733
  -0.00036450
  -0.00854877
  -0.31697466
  -1.07820316
  -0.43089769
   0.00000000
  -0.45800289
  -0.90233553
  -0.77068505
  -0.10663143
  -0.52574194
  -1.60135238
  -1.45806178
  -1.43121179
  -0.85212753
  -0.52791920
  -0.34598282
  -0.44466311
  -0.48845287
  -0.99318955
  -0.66633465
  -0.66526965
  -0.80569059
  -0.74406322
  -0.61265839
  -0.57366555
  -0.29198374
  -0.11614610
  -0.08153552
  -0.12115450
  -0.09211617
  -0.05235475
  -0.08262185
  -0.05858688
  -0.00001657
  -0.46845099
  -0.43466516
  -0.41755590
  -0.11407916
  -0.30926350
  -0.35024049
  -0.49880612
  -0.72276452
  -0.74061388
  -0.86744567
  -0.49631549
  -0.19600934
  -0.00861311
   0.00000000
  -0.03649333
  -0.11058428
  -0.07241751
  -0.03657144
  -0.02328216
  -0.02353323
  -0.40915261
  -0.89075415
  -0.35659222
  -0.50039651
  -0.71006884
  -0.69640890
  -0.61246682
  -0.17392905
  -0.14486049
  -0.08023017
   0.00000000
   0.00000000
  -0.11956795
  -0.17874660
  -0.09225117
  -0.07034943
   0.00000000
   0.00000000
   0.00000000
   0.00000000
   0.00000000
   0.00000000
  -0.14332565
  -0.04906539
   0.00000000
   0.00000000
   0.00000000
   0.00000000
   0.00000000
   0.00000000
   0.00000000
   0.00000000
   0.00000000
   0.00000000
   0.00000000
   0.00000000
   0.00000000
   0.00000000
   0.00000000
   0.00000000
   0.00000000
   0.00000000
  -0.20697240
  -0.00000007
   0.00000000
   0.00000000
   0.00000000
   0.00000000
   0.00000000
   0.00000000
   0.00000000
  -0.46476899
  -2.78795058
  -3.54941006
  -2.83900502
  -3.07804973
