 0.000000    0.00000    0.000            NaN
 0.000000    0.00000    0.000       0.000000
 0.000125    0.00406   -4.032      -0.118176
 0.000451    0.00613   -2.778      -0.052704
 0.000013    0.00003   -2.068      -0.000238
 0.000000    0.00000    0.000       0.000000
 0.000025    0.00057   -3.368      -0.003813
 0.000425    0.00582   -2.767      -0.014165
 0.000452    0.00626   -2.776      -0.027038
 0.000395    0.00267   -2.328      -0.003159
 0.000125    0.00028   -2.054      -0.000280
 0.000026    0.00004   -2.004      -0.000018
 0.000000    0.00000    0.000       0.000000
 0.000084    0.00099   -2.638      -0.031290
 0.000287    0.00254   -2.459      -0.028144
 0.000421    0.00425   -2.535      -0.007207
 0.000413    0.00397   -2.505      -0.005944
 0.000397    0.00329   -2.424      -0.003873
 0.000317    0.00172   -2.246      -0.001714
 0.000232    0.00070   -2.098      -0.000449
 0.000104    0.00019   -2.030      -0.000092
 0.000076    0.00042   -2.252      -0.000025
 0.000205    0.00129   -2.303      -0.001265
 0.000319    0.00211   -2.319      -0.003745
 0.000373    0.00294   -2.397      -0.002903
 0.000331    0.00206   -2.294      -0.001599
 0.000220    0.00094   -2.176      -0.000659
 0.000152    0.00049   -2.112      -0.000297
 0.000226    0.00077   -2.123      -0.023117
 0.000266    0.00152   -2.268      -0.016305
 0.000306    0.00176   -2.265      -0.002109
 0.000313    0.00220   -2.344      -0.002686
 0.000385    0.00310   -2.407      -0.002459
 0.000360    0.00283   -2.396      -0.002455
 0.000400    0.00310   -2.389      -0.002141
 0.000357    0.00267   -2.371      -0.002222
 0.000412    0.00317   -2.386      -0.002774
 0.000384    0.00322   -2.428      -0.002345
 0.000398    0.00286   -2.355      -0.001305
 0.000289    0.00207   -2.359      -0.000888
 0.000339    0.00238   -2.343      -0.002806
 0.000426    0.00364   -2.438      -0.002349
 0.000420    0.00371   -2.456      -0.002456
 0.000416    0.00400   -2.505      -0.003311
 0.000467    0.00510   -2.588      -0.003580
 0.000492    0.00607   -2.678      -0.004497
 0.000507    0.00649   -2.706      -0.003436
 0.000466    0.00517   -2.599      -0.002910
 0.000463    0.00501   -2.581      -0.002659
 0.000448    0.00492   -2.603      -0.001833
 0.000420    0.00384   -2.487      -0.001463
 0.000369    0.00300   -2.420      -0.001208
 0.000364    0.00289   -2.410      -0.001107
 0.000368    0.00231   -2.298      -0.001412
 0.000358    0.00280   -2.393      -0.001563
 0.000408    0.00314   -2.386      -0.001527
 0.000379    0.00314   -2.422      -0.001648
 0.000415    0.00345   -2.424      -0.002060
 0.000441    0.00410   -2.486      -0.001866
 0.000404    0.00371   -2.477      -0.001581
 0.000420    0.00351   -2.428      -0.001653
 0.000439    0.00401   -2.475      -0.002162
 0.000433    0.00436   -2.532      -0.002227
 0.000455    0.00482   -2.565      -0.002369
 0.000468    0.00513   -2.589      -0.002172
 0.000462    0.00482   -2.558      -0.001823
 0.000456    0.00445   -2.514      -0.001785
 0.000450    0.00446   -2.523      -0.001970
 0.000440    0.00451   -2.546      -0.001931
 0.000446    0.00450   -2.535      -0.001759
 0.000457    0.00454   -2.526      -0.001886
 0.000465    0.00474   -2.542      -0.001975
 0.000462    0.00486   -2.562      -0.001834
 0.000450    0.00473   -2.565      -0.001512
 0.000416    0.00440   -2.583      -0.001211
 0.000434    0.00406   -2.507      -0.001087
 0.000377    0.00401   -2.597      -0.000901
 0.000410    0.00449   -2.625      -0.000741
 0.000341    0.00588   -3.092      -0.000565
 0.000333    0.00297   -2.502      -0.000468
 0.000325    0.00210   -2.337      -0.000401
 0.000296    0.00263   -2.508      -0.000387
 0.000255    0.00109   -2.178      -0.000350
 0.000257    0.00115   -2.187      -0.000393
 0.000293    0.00139   -2.205      -0.002930
 0.000319    0.00157   -2.216      -0.000601
 0.000292    0.00165   -2.259      -0.000691
 0.000300    0.00204   -2.330      -0.001004
 0.000385    0.00284   -2.367      -0.001081
 0.000358    0.00288   -2.409      -0.001038
 0.000418    0.00342   -2.415      -0.000963
 0.000378    0.00314   -2.423      -0.001000
 0.000419    0.00336   -2.405      -0.000994
 0.000405    0.00340   -2.429      -0.000902
 0.000385    0.00300   -2.391      -0.000846
 0.000407    0.00332   -2.415      -0.000764
 0.000356    0.00258   -2.360      -0.000638
 0.000367    0.00272   -2.371      -0.000603
 0.000357    0.00231   -2.310      -0.000615
 0.000329    0.00223   -2.329      -0.000667
 0.000392    0.00269   -2.334      -0.000719
 0.000341    0.00242   -2.347      -0.000687
 0.000387    0.00282   -2.361      -0.000681
 0.000353    0.00244   -2.338      -0.000694
 0.000375    0.00280   -2.372      -0.000714
 0.000371    0.00258   -2.339      -0.000654
 0.000352    0.00263   -2.371      -0.000620
 0.000387    0.00269   -2.341      -0.000624
 0.000336    0.00242   -2.355      -0.000569
 0.000387    0.00295   -2.387      -0.000541
 0.000326    0.00221   -2.333      -0.000474
 0.000338    0.00247   -2.368      -0.000460
 0.000350    0.00220   -2.303      -0.000440
 0.000303    0.00180   -2.278      -0.000433
 0.000320    0.00201   -2.298      -0.000459
 0.000352    0.00205   -2.272      -0.000446
 0.000303    0.00180   -2.277      -0.000453
 0.000317    0.00205   -2.309      -0.000451
 0.000355    0.00211   -2.279      -0.000431
 0.000304    0.00181   -2.279      -0.000447
 0.000326    0.00216   -2.319      -0.000496
 0.000354    0.00214   -2.284      -0.000488
 0.000312    0.00195   -2.297      -0.000473
 0.000353    0.00239   -2.330      -0.000505
 0.000345    0.00212   -2.290      -0.000494
 0.000317    0.00210   -2.319      -0.000494
 0.000377    0.00256   -2.330      -0.000518
 0.000332    0.00211   -2.302      -0.000525
 0.000339    0.00239   -2.345      -0.000534
 0.000378    0.00250   -2.319      -0.000532
 0.000330    0.00229   -2.338      -0.000517
 0.000388    0.00272   -2.344      -0.000509
 0.000338    0.00226   -2.323      -0.000472
 0.000367    0.00271   -2.369      -0.000465
 0.000354    0.00229   -2.312      -0.000435
 0.000324    0.00223   -2.336      -0.000423
 0.000378    0.00264   -2.346      -0.000427
 0.000323    0.00199   -2.290      -0.000395
 0.000327    0.00229   -2.345      -0.000388
 0.000364    0.00236   -2.314      -0.000395
 0.000310    0.00187   -2.284      -0.000373
 0.000338    0.00232   -2.336      -0.000383
 0.000345    0.00206   -2.281      -0.000389
 0.000307    0.00188   -2.289      -0.000410
 0.000349    0.00232   -2.321      -0.000425
 0.000343    0.00206   -2.282      -0.000399
 0.000311    0.00202   -2.310      -0.000389
 0.000367    0.00247   -2.326      -0.000393
 0.000328    0.00198   -2.283      -0.000373
 0.000315    0.00209   -2.320      -0.000365
 0.000369    0.00244   -2.320      -0.000364
 0.000316    0.00188   -2.278      -0.000360
 0.000317    0.00212   -2.325      -0.000355
 0.000364    0.00230   -2.303      -0.000347
 0.000309    0.00183   -2.277      -0.000324
 0.000320    0.00231   -2.363      -0.000341
 0.000355    0.00222   -2.302      -0.000366
 0.000307    0.00179   -2.271      -0.000343
 0.000314    0.00201   -2.306      -0.000332
 0.000359    0.00215   -2.281      -0.000331
 0.000305    0.00181   -2.276      -0.000311
 0.000315    0.00208   -2.319      -0.000304
 0.000353    0.00219   -2.298      -0.000309
 0.000301    0.00173   -2.265      -0.000291
 0.000304    0.00204   -2.328      -0.000299
 0.000354    0.00220   -2.300      -0.000327
 0.000304    0.00170   -2.256      -0.000322
 0.000299    0.00186   -2.294      -0.000314
 0.000357    0.00219   -2.290      -0.000310
 0.000309    0.00175   -2.261      -0.000300
 0.000299    0.00188   -2.298      -0.000303
 0.000357    0.00227   -2.305      -0.000304
 0.000311    0.00175   -2.258      -0.000283
 0.000297    0.00183   -2.292      -0.000273
 0.000354    0.00269   -2.394      -0.000272
 0.000314    0.00265   -2.468      -0.000242
 0.000289    0.00241   -2.459      -0.000225
 0.000324    0.00235   -2.385      -0.000221
 0.000314    0.00180   -2.278      -0.000205
 0.000276    0.00142   -2.233      -0.000202
 0.000265    0.00136   -2.229      -0.000205
 0.000293    0.00155   -2.237      -0.000217
 0.000313    0.00154   -2.215      -0.000213
 0.000271    0.00135   -2.219      -0.000221
 0.000262    0.00141   -2.243      -0.000232
 0.000291    0.00167   -2.266      -0.000249
 0.000320    0.00169   -2.237      -0.000248
 0.000279    0.00145   -2.233      -0.000256
 0.000274    0.00158   -2.267      -0.000261
 0.000326    0.00197   -2.284      -0.000263
 0.000311    0.00165   -2.239      -0.000247
 0.000285    0.00159   -2.255      -0.000253
 0.000295    0.00185   -2.297      -0.000279
 0.000349    0.00204   -2.273      -0.000284
 0.000297    0.00164   -2.251      -0.000267
 0.000293    0.00180   -2.290      -0.000262
 0.000352    0.00218   -2.294      -0.000263
 0.000309    0.00172   -2.254      -0.000249
 0.000293    0.00179   -2.286      -0.000246
 0.000349    0.00224   -2.309      -0.000250
 0.000314    0.00173   -2.251      -0.000237
 0.000292    0.00173   -2.277      -0.000244
 0.000339    0.00223   -2.320      -0.000250
 0.000321    0.00176   -2.250      -0.000234
 0.000292    0.00168   -2.265      -0.000228
 0.000316    0.00204   -2.310      -0.000232
 0.000337    0.00194   -2.268      -0.000220
 0.000292    0.00161   -2.251      -0.000213
 0.000291    0.00181   -2.295      -0.000215
 0.000345    0.00213   -2.295      -0.000220
 0.000296    0.00156   -2.236      -0.000207
 0.000281    0.00160   -2.262      -0.000204
 0.000328    0.00211   -2.310      -0.000211
 0.000311    0.00164   -2.238      -0.000198
 0.000281    0.00151   -2.241      -0.000197
 0.000283    0.00169   -2.281      -0.000198
 0.000338    0.00202   -2.282      -0.000202
 0.000291    0.00148   -2.225      -0.000189
 0.000275    0.00150   -2.248      -0.000188
 0.000301    0.00189   -2.300      -0.000195
 0.000321    0.00174   -2.248      -0.000183
 0.000280    0.00142   -2.225      -0.000177
 0.000270    0.00150   -2.254      -0.000175
 0.000317    0.00208   -2.321      -0.000184
 0.000300    0.00151   -2.224      -0.000171
 0.000271    0.00136   -2.220      -0.000166
 0.000266    0.00146   -2.252      -0.000165
 0.000316    0.00202   -2.311      -0.000174
 0.000293    0.00143   -2.215      -0.000164
 0.000267    0.00131   -2.214      -0.000160
 0.000261    0.00139   -2.240      -0.000157
 0.000306    0.00198   -2.315      -0.000161
 0.000295    0.00178   -2.299      -0.000147
 0.000267    0.00213   -2.443      -0.000141
 0.000260    0.00257   -2.583      -0.000135
 0.000303    0.00435   -2.949      -0.000138
 0.000301    0.00320   -2.689      -0.000117
 0.000269    0.00158   -2.308      -0.000104
 0.000248    0.00125   -2.237      -0.000099
 0.000234    0.00106   -2.201      -0.000097
 0.000228    0.00093   -2.166      -0.000098
 0.000259    0.00103   -2.158      -0.002255
 0.000249    0.00095   -2.148      -0.006573
 0.000225    0.00088   -2.153      -0.001192
 0.000210    0.00085   -2.162      -0.000099
 0.000207    0.00088   -2.174      -0.000098
 0.000211    0.00094   -2.187      -0.000097
 0.000217    0.00100   -2.197      -0.000097
 0.000282    0.00121   -2.177      -0.000631
 0.000234    0.00094   -2.160      -0.000094
 0.000212    0.00086   -2.162      -0.000093
 0.000206    0.00091   -2.188      -0.000091
 0.000213    0.00202   -2.573      -0.000094
 0.000235    0.00276   -2.748      -0.000099
 0.000279    0.00223   -2.468      -0.000087
 0.000237    0.00146   -2.328      -0.000080
 0.000213    0.00086   -2.168      -0.000075
 0.000202    0.00072   -2.132      -0.000073
 0.000197    0.00073   -2.141      -0.000072
 0.000197    0.00087   -2.189      -0.000070
 0.000201    0.00153   -2.411      -0.000070
 0.000267    0.00229   -2.481      -0.000074
 0.000224    0.00219   -2.561      -0.000065
 0.000200    0.00215   -2.629      -0.000061
 0.000183    0.00201   -2.638      -0.000057
 0.000180    0.00266   -2.893      -0.000056
 0.000184    0.00501   -3.730      -0.000063
 0.000132    0.00289   -3.360      -0.000050
 0.000106    0.00060   -2.282      -0.000036
 0.000119    0.00028   -2.057      -0.000033
 0.000154    0.00035   -2.055      -0.000090
 0.000000    0.00000    0.000      -0.000030
 0.000584    0.00116   -2.037      -0.000042
 0.000420    0.00001   -1.921      -0.000050
 0.000256   -0.00022   -1.867      -0.000045
 0.000281   -0.00040   -1.833      -0.000048
 0.000202   -0.00040   -1.800      -0.000072
 0.000150   -0.00035   -1.779      -0.000039
 0.000079   -0.00020   -1.767      -0.000035
 0.000010   -0.00002   -1.767      -0.000028
 0.000000    0.00000    0.000      -0.000024
 0.000000    0.00000    0.000      -0.000022
 0.000072   -0.00010   -1.835      -0.000024
 0.000267   -0.00049   -1.810      -0.000023
 0.000200   -0.00051   -1.768      -0.000028
 0.000177   -0.00054   -1.738      -0.000026
 0.000118   -0.00042   -1.708      -0.000025
 0.000016   -0.00007   -1.675      -0.000024
 0.000001   -0.00000   -1.794      -0.000021
 0.000001    0.00001   -2.533      -0.000020
 0.000000    0.00000    0.000      -0.000017
 0.000345   -0.00107   -1.736      -0.000024
 0.000155   -0.00062   -1.682      -0.000017
 0.000032   -0.00017   -1.615      -0.000021
 0.000000    0.00000    0.000      -0.000013
 0.000043   -0.00029   -1.517      -0.000014
 0.000078   -0.00053   -1.517      -0.000015
 0.000152   -0.00100   -1.529      -0.000013
 0.000233   -0.00144   -1.555      -0.000011
 0.000159   -0.00081   -1.620      -0.000010
 0.000111   -0.00036   -1.731      -0.000009
 0.000094   -0.00010   -1.860      -0.000008
 0.000059    0.00011   -2.035      -0.000008
 0.000034    0.00012   -2.134      -0.000009
 0.000003    0.00001   -2.111      -0.000005
 0.000001    0.00000   -2.068      -0.000004
 0.000003    0.00000   -1.930      -0.000006
 0.000044   -0.00017   -1.694      -0.000005
 0.000050   -0.00034   -1.528      -0.000003
 0.000059   -0.00054   -1.388      -0.000004
 0.000098   -0.00099   -1.322      -0.000006
 0.000106   -0.00114   -1.291      -0.000007
 0.000116   -0.00122   -1.307      -0.000009
 0.000091   -0.00089   -1.344      -0.000009
 0.000097   -0.00087   -1.389      -0.000009
 0.000048   -0.00040   -1.422      -0.000011
 0.000057   -0.00043   -1.467      -0.000008
 0.000095   -0.00070   -1.486      -0.000008
 0.000077   -0.00054   -1.501      -0.000007
 0.000071   -0.00053   -1.484      -0.000033
 0.000071   -0.00053   -1.483      -0.000006
 0.000069   -0.00054   -1.457      -0.000191
 0.000096   -0.00083   -1.413      -0.000392
 0.000155   -0.00142   -1.381      -0.000283
 0.000105   -0.00098   -1.371      -0.000252
 0.000070   -0.00068   -1.350      -0.000414
 0.000020   -0.00021   -1.313      -0.000121
 0.000128   -0.00137   -1.292      -0.000003
 0.000156   -0.00168   -1.287      -0.000002
 0.000140   -0.00153   -1.281      -0.000009
 0.000175   -0.00193   -1.271      -0.000265
 0.000202   -0.00231   -1.249      -0.000091
 0.000239   -0.00285   -1.221      -0.000000
 0.000214   -0.00260   -1.208      -0.000000
 0.000147   -0.00179   -1.206      -0.000000
 0.000125   -0.00158   -1.178      -0.000000
 0.000116   -0.00154   -1.145      -0.000000
 0.000151   -0.00216   -1.088       0.000000
 0.000131   -0.00191   -1.072      -0.000000
 0.000050   -0.00072   -1.075      -0.000000
 0.000021   -0.00031   -1.054       0.000000
 0.000000   -0.00000   -1.047       0.000000
 0.000081   -0.00136   -0.945      -0.000001
 0.000142   -0.00238   -0.942       0.000000
 0.000159   -0.00268   -0.939       0.000000
 0.000050   -0.00082   -0.966       0.000000
 0.000069   -0.00116   -0.947       0.000000
 0.000092   -0.00157   -0.925       0.000000
 0.000048   -0.00084   -0.903      -0.000000
 0.000000   -0.00001   -0.910      -0.000000
 0.000000    0.00000    0.000       0.000000
 0.000000    0.00000    0.000       0.000000
 0.000004   -0.00008   -0.740      -0.000000
 0.000002   -0.00004   -0.754      -0.000001
 0.000000    0.00000    0.000       0.000000
 0.000000    0.00000    0.000       0.000000
 0.000015   -0.00030   -0.771      -0.000001
 0.000000    0.00000    0.000      -0.000000
 0.000000    0.00000    0.000      -0.000000
 0.000000    0.00000    0.000       0.000000
 0.000000    0.00000    0.000       0.000000
 0.000000    0.00000    0.000       0.000000
 0.000000    0.00000    0.000       0.000000
 0.000000    0.00000    0.000      -0.000000
 0.000000    0.00000    0.000       0.000000
 0.000000    0.00000    0.000       0.000000
 0.000000    0.00000    0.000       0.000000
 0.000000    0.00000    0.000       0.000000
 0.000000    0.00000    0.000       0.000000
 0.000000    0.00000    0.000      -0.000000
 0.000000    0.00000    0.000      -0.000000
 0.000000    0.00000    0.000      -0.000000
 0.000000    0.00000    0.000       0.000000
 0.000000    0.00000    0.000      -0.000000
 0.000000    0.00000    0.000      -0.000000
 0.000000    0.00000    0.000       0.000000
 0.000000    0.00000    0.000      -0.000000
 0.000000    0.00000    0.000      -0.000000
 0.000028   -0.00019   -1.505      -0.000043
 0.000000   -0.00000   -1.314      -0.000043
 0.000000    0.00000    0.000      -0.000035
 0.000000    0.00000    0.000      -0.000053
 0.000000    0.00000    0.000      -0.000072
 0.000000    0.00000    0.000      -0.000079
 0.000000    0.00000    0.000      -0.000076
 0.000000    0.00000    0.000      -0.000079
 0.000000    0.00000    0.000      -0.000078
 0.000000    0.00000    0.000      -0.000090
 0.000000    0.00000    0.000      -0.000118
 0.000000    0.00000    0.000      -0.000185
 0.000109    0.00052   -2.205      -0.000111
 0.000303    0.00164   -2.244      -0.000126
 0.000417    0.00223   -2.241      -0.000160
 0.000360    0.00222   -2.291      -0.000177
 0.000390    0.00271   -2.339      -0.000191
 0.000368    0.00264   -2.353      -0.000184
 0.000367    0.00279   -2.380      -0.000175
 0.000369    0.00256   -2.338      -0.000158
 0.000338    0.00241   -2.350      -0.000148
