   0.00000000
   0.00000000
  -1.70890609
  -4.24765817
  -0.11077762
   0.00000000
  -1.41316422
  -3.28236722
  -4.06844229
  -2.80818464
  -0.76297266
  -0.11758163
   0.00000000
  -0.64452075
  -2.13632415
  -3.33215325
  -3.35958745
  -3.03433844
  -2.25071593
  -1.79140415
  -0.87739906
  -0.62371896
  -1.32934190
  -2.11570938
  -2.42910618
  -2.57445943
  -1.75306577
  -1.14197376
  -0.97198098
  -1.40180261
  -2.02733176
  -2.61999159
  -2.59095993
  -2.49706874
  -2.97995549
  -2.57154225
  -2.88178428
  -2.96367825
  -2.48586520
  -2.66951075
  -2.32145375
  -2.76417052
  -3.17970104
  -2.99498856
  -3.64842657
  -3.96316912
  -4.10399777
  -3.71288874
  -3.63073171
  -3.70523159
  -2.87342020
  -3.16533875
  -2.49621838
  -2.38398706
  -2.98519019
  -2.61135443
  -2.90936284
  -2.94184258
  -3.14382448
  -3.12223595
  -3.12885579
  -3.13569057
  -3.50456992
  -3.39991930
  -3.73820682
  -3.70371228
  -3.22295944
  -3.56889775
  -3.53641575
  -3.31799194
  -3.62243254
  -3.44808301
  -3.47797868
  -3.69477760
  -3.21256699
  -3.35133959
  -2.83585637
  -3.37468943
  -3.12294399
  -2.23021729
  -2.01260261
  -2.43306775
  -1.95854198
  -1.67902633
  -1.63478051
  -1.71324180
  -1.86665293
  -2.36831525
  -2.35734480
  -2.30695170
  -2.66603137
  -2.71557618
  -2.56192170
  -3.03192771
  -2.57483664
  -2.80866784
  -2.64261226
  -2.28350103
  -2.55353669
  -2.51203299
  -2.24537448
  -2.33148101
  -2.73493587
  -2.30055284
  -2.30457749
  -2.77146359
  -2.35440888
  -2.27727375
  -2.71994248
  -2.32468128
  -2.14759540
  -2.35720896
  -2.42321201
  -2.06676466
  -1.97901681
  -2.08043613
  -2.39786395
  -1.99844438
  -1.94174804
  -1.98428420
  -2.40665771
  -2.08301514
  -1.95723766
  -1.97889789
  -2.36021964
  -2.27701078
  -2.07470941
  -2.10336693
  -2.55993805
  -2.31446700
  -2.18115712
  -2.34142246
  -2.64677957
  -2.22901036
  -2.22351356
  -2.64949630
  -2.23895360
  -2.12453793
  -2.35740487
  -2.49669568
  -2.11258192
  -2.05524102
  -2.31037491
  -2.34425017
  -2.04856769
  -2.01876371
  -2.21238129
  -2.45195254
  -2.08378076
  -2.03992255
  -2.41516594
  -2.38137627
  -2.07502388
  -2.03745767
  -2.37375655
  -2.31523804
  -2.00009416
  -1.92603270
  -2.01157987
  -2.43540043
  -2.05233790
  -1.96276352
  -2.04564868
  -2.50341836
  -2.12254556
  -1.90953955
  -1.89538748
  -2.11047823
  -2.31174314
  -1.98788321
  -1.93652679
  -2.00634744
  -2.43232997
  -2.05824018
  -2.12724871
  -2.38378366
  -2.72175598
  -2.43033788
  -2.12957959
  -1.94495241
  -1.80141351
  -2.01292775
  -2.00674022
  -1.73241407
  -1.62252891
  -1.61825128
  -1.67847803
  -1.85014096
  -2.17566723
  -1.82517967
  -1.74905058
  -1.78301767
  -1.89364467
  -2.34008428
  -1.93480583
  -1.86948822
  -1.91735304
  -2.31787718
  -2.15427109
  -1.95740024
  -1.93877894
  -2.18244499
  -2.31351928
  -1.99019555
  -1.95547209
  -2.05861722
  -2.45401833
  -2.02305747
  -1.90642903
  -1.91790071
  -2.29849823
  -2.08358274
  -1.86497565
  -1.81606243
  -1.86646784
  -2.29073086
  -1.95374256
  -1.79780593
  -1.77712181
  -1.85283357
  -2.28968879
  -1.95862126
  -1.80251268
  -1.81548231
  -1.97503076
  -2.51340304
  -2.24450291
  -1.88592382
  -1.71670621
  -1.69693782
  -1.71808078
  -2.15878352
  -1.74416528
  -1.61216561
  -2.81388863
  -2.98381401
  -3.12339398
  -2.22181517
  -1.83396208
  -1.55383165
  -1.33008623
  -1.18592797
  -1.14106751
  -1.10894654
  -1.09159255
  -1.09694328
  -1.11454231
  -1.13226268
  -1.15629037
  -1.17676997
  -1.21296311
  -1.57159028
  -1.22400379
  -1.16043404
  -1.16225440
  -1.02448947
  -0.97403361
  -0.95613122
  -0.95154456
  -0.95576209
  -0.96370920
  -0.97120804
  -0.97544829
  -1.46515341
  -1.18762170
  -0.93030392
  -0.85306232
  -0.92406168
  -0.82381457
  -0.78185783
  -0.63451801
   0.00000000
  -0.78512459
  -3.08413238
  -1.69197279
  -2.00986905
  -0.80893429
  -0.80346708
  -0.99553216
  -0.62699232
  -0.15304504
  -0.49861386
  -0.95990549
  -1.77554507
  -1.23056365
  -1.08145872
  -0.70736289
  -0.01571287
  -0.00413775
  -0.25497707
  -0.01218825
  -2.52278051
  -0.77450292
  -0.21855952
  -0.38519707
  -0.50097914
  -0.36519048
  -0.78687622
  -1.24456605
  -0.90618549
  -0.62442625
  -0.56176744
  -0.35522979
  -0.07211971
  -0.00343623
  -0.00435411
  -0.00079091
   0.00000000
  -1.20878476
  -0.75350268
  -0.64623768
  -0.58351514
  -0.45085402
  -0.30912581
  -0.03149197
  -0.11989136
  -0.14919913
  -0.16346865
  -0.13057163
  -0.12428066
  -0.18316124
  -0.16825873
  -0.35931286
  -0.50441165
  -0.41673576
  -0.40254790
  -0.09686259
  -0.29495760
  -0.42578068
  -0.44395725
  -0.66777217
  -0.71159285
  -0.63653765
  -0.53572790
  -0.37570338
  -0.31476646
  -0.29623790
  -0.35655190
  -0.27440580
  -0.10082628
  -0.00571020
   0.00000000
  -0.24813976
  -0.22574060
  -0.17661493
  -0.01100567
  -0.00887647
  -0.03672213
  -0.01036759
   0.00000000
   0.00000000
   0.00000000
   0.00000000
   0.00000000
   0.00000000
   0.00000000
   0.00000000
   0.00000000
   0.00000000
   0.00000000
   0.00000000
   0.00000000
   0.00000000
   0.00000000
   0.00000000
   0.00000000
   0.00000000
   0.00000000
   0.00000000
   0.00000000
   0.00000000
   0.00000000
   0.00000000
   0.00000000
   0.00000000
   0.00000000
   0.00000000
   0.00000000
   0.00000000
   0.00000000
   0.00000000
   0.00000000
   0.00000000
   0.00000000
  -0.06661374
  -2.32744177
  -3.14068243
  -3.13573816
  -2.63350458
  -2.30654479
  -2.57710489
  -2.29673046
  -2.27805932
  -2.81051213
  -2.66766269
  -2.62394424
  -2.90470776
  -2.34003120
  -2.39122781
