   0.00000000
   0.00000000
  -1.71747145
  -4.26175199
  -0.09717264
   0.00000000
   0.00000000
   0.00000000
   0.00000000
   0.00000000
   0.00000000
   0.00000000
   0.00000000
   0.00000000
   0.00000000
   0.00000000
   0.00000000
   0.00000000
   0.00000000
   0.00000000
   0.00000000
   0.00000000
   0.00000000
   0.00000000
   0.00000000
   0.00000000
   0.00000000
   0.00000000
   0.00000000
   0.00000000
   0.00000000
   0.00000000
   0.00000000
   0.00000000
   0.00000000
   0.00000000
  -0.03561695
  -0.14527735
  -0.23866370
  -0.95632160
  -1.30516840
  -1.21394089
  -1.17138273
  -1.33292749
  -1.49738784
  -2.07851692
  -1.68937463
  -1.49061539
  -1.39744380
  -1.10397825
  -1.05290539
  -0.92619721
  -1.25340919
  -1.64297253
  -1.25609314
  -1.07950393
  -1.13330675
  -1.32320560
  -1.24605691
  -1.12343688
  -1.18174988
  -1.44967228
  -1.48624894
  -1.83735591
  -1.65828692
  -1.32862287
  -1.26660862
  -1.28541935
  -1.30553099
  -1.30613069
  -1.37682409
  -1.86651878
  -1.59030954
  -1.22378089
  -1.01137483
  -0.93147388
  -0.80903491
  -0.66812398
  -0.47355391
  -0.33923755
  -0.30643516
  -0.30307613
  -0.29208232
  -0.37726441
  -0.57869201
  -0.84986986
  -1.50877761
  -1.47662944
  -1.18686224
  -1.05805125
  -0.95145874
  -0.96635784
  -1.04233717
  -0.98409506
  -0.90574358
  -0.80079997
  -0.72971689
  -0.73744290
  -0.81653202
  -0.87577342
  -0.92506529
  -0.92668877
  -1.34342665
  -1.24933923
  -0.97238918
  -0.83168542
  -0.76888930
  -0.80615059
  -0.77136835
  -0.69624056
  -0.64153537
  -0.60894491
  -0.60885704
  -0.64839855
  -0.64337106
  -0.67433423
  -0.67777251
  -0.68971714
  -0.71232117
  -0.72115780
  -0.73616233
  -1.01558908
  -1.36898842
  -0.94804876
  -0.79868288
  -0.73805657
  -0.70666446
  -0.69544943
  -0.75202543
  -0.78544532
  -0.74487470
  -0.72076975
  -0.69622667
  -0.68622258
  -0.68633094
  -0.69127161
  -0.69715197
  -0.69990237
  -0.70567858
  -0.70299563
  -0.71128518
  -1.27059502
  -1.22489048
  -0.87017552
  -0.73951906
  -0.68246817
  -0.64702055
  -0.62241526
  -0.69189194
  -0.67908649
  -0.66196221
  -0.61210924
  -0.57370589
  -0.57863276
  -0.57591032
  -0.61851962
  -0.61954957
  -0.62096479
  -0.64327331
  -0.64562158
  -0.67021016
  -0.65859781
  -0.63921306
  -0.81887174
  -1.45533093
  -0.95001069
  -0.74523776
  -0.65144102
  -0.62837292
  -0.60273044
  -0.57895299
  -0.57414365
  -0.61349644
  -0.58229443
  -0.51813000
  -0.47466739
  -0.44663395
  -0.43279846
  -0.43183112
  -0.43996662
  -0.45377754
  -0.47504113
  -0.48918950
  -0.51313397
  -0.53001349
  -0.53989796
  -0.55438388
  -0.57149519
  -0.58941409
  -0.60404382
  -0.62904866
  -0.95021324
  -1.40946707
  -0.90646651
  -0.71111657
  -0.63790430
  -0.60693915
  -0.59086081
  -0.56624471
  -0.54780673
  -0.56997155
  -0.61234982
  -0.57670551
  -0.53055803
  -0.51229956
  -0.51287982
  -0.50780208
  -0.49343243
  -0.49160309
  -0.49616826
  -0.49957328
  -0.52307832
  -0.53651323
  -0.53624354
  -0.53188029
  -0.53529950
  -0.54168033
  -0.54249493
  -0.68714711
  -1.52470444
  -0.91870198
  -0.65940233
  -0.54990897
  -0.50373942
  -0.47599082
  -0.45154636
  -0.42961744
  -0.40350846
  -0.38198877
  -0.30463750
  -0.26375381
  -0.30713925
  -0.62547448
  -0.51867202
  -0.19722287
  -0.03905016
   0.00000000
   0.00000000
   0.00000000
   0.00000000
   0.00000000
   0.00000000
   0.00000000
   0.00000000
   0.00000000
   0.00000000
   0.00000000
   0.00000000
   0.00000000
   0.00000000
   0.00000000
   0.00000000
   0.00000000
   0.00000000
   0.00000000
   0.00000000
   0.00000000
   0.00000000
   0.00000000
   0.00000000
   0.00000000
   0.00000000
   0.00000000
   0.00000000
   0.00000000
  -0.08814367
  -0.18694295
  -0.04890052
   0.00000000
   0.00000000
  -1.81403587
  -0.57176709
  -0.14074875
  -0.01018984
   0.00000000
   0.00000000
   0.00000000
  -0.42423141
  -0.41971873
  -0.08726773
  -0.04898078
   0.00000000
  -0.00734702
   0.00000000
   0.00000000
   0.00000000
   0.00000000
   0.00000000
   0.00000000
   0.00000000
   0.00000000
   0.00000000
  -0.10304520
   0.00000000
   0.00000000
  -0.02812362
  -0.02337396
  -0.05379558
  -0.09163730
   0.00000000
   0.00000000
   0.00000000
   0.00000000
   0.00000000
   0.00000000
   0.00000000
   0.00000000
   0.00000000
   0.00000000
   0.00000000
   0.00000000
   0.00000000
   0.00000000
   0.00000000
   0.00000000
   0.00000000
   0.00000000
   0.00000000
   0.00000000
   0.00000000
   0.00000000
   0.00000000
   0.00000000
   0.00000000
   0.00000000
   0.00000000
   0.00000000
   0.00000000
   0.00000000
   0.00000000
   0.00000000
   0.00000000
   0.00000000
   0.00000000
   0.00000000
   0.00000000
   0.00000000
   0.00000000
   0.00000000
   0.00000000
   0.00000000
   0.00000000
   0.00000000
   0.00000000
   0.00000000
   0.00000000
   0.00000000
   0.00000000
   0.00000000
   0.00000000
   0.00000000
   0.00000000
   0.00000000
   0.00000000
   0.00000000
   0.00000000
   0.00000000
   0.00000000
  -2.56792076
  -5.88105391
  -1.71450373
  -2.25528409
  -0.37990614
  -0.04790570
   0.00000000
   0.00000000
   0.00000000
   0.00000000
   0.00000000
   0.00000000
   0.00000000
   0.00000000
   0.00000000
   0.00000000
   0.00000000
   0.00000000
   0.00000000
   0.00000000
   0.00000000
   0.00000000
   0.00000000
  -0.07466348
  -1.37517125
  -2.07792647
  -2.03161634
  -2.25847294
  -1.44397679
  -1.19641660
  -1.13624110
  -0.83388269
  -0.86840827
  -1.06395643
  -1.24659745
  -1.31727125
  -1.33312750
  -1.14407487
  -0.95919468
  -0.99085173
  -1.07910170
