   0.00000000
   0.00000000
   0.76700207
   2.76354367
   0.08458011
   0.00000000
   0.00000000
   0.00000000
   0.00000000
   0.00000000
   0.00000000
   0.00000000
   0.00000000
   0.00000000
   0.00000000
   0.00000000
   0.00000000
   0.00000000
   0.00000000
   0.00000000
   0.00000000
   0.00000000
   0.00000000
   0.00000000
   0.00000000
   0.00000000
   0.00000000
   0.00000000
   0.00000000
   0.00000000
   0.00000000
   0.00000000
   0.00000000
   0.00000000
   0.00000000
   0.00000000
   0.02890429
   0.11858291
   0.20592902
   0.81572628
   1.08867621
   1.01742500
   0.97791443
   1.09609825
   1.21394952
   1.68454701
   1.39722720
   1.23676464
   1.16577882
   0.94214558
   0.90108965
   0.79982837
   1.07631731
   1.40738001
   1.07541453
   0.92606645
   0.96614895
   1.11091816
   1.05064819
   0.95428159
   0.99433797
   1.19530637
   1.22316309
   1.50129375
   1.38104453
   1.11979681
   1.05967097
   1.06691720
   1.08158570
   1.08213954
   1.13324695
   1.54305684
   1.33305630
   1.04301811
   0.86851468
   0.80149730
   0.70119099
   0.58292865
   0.41650428
   0.29972672
   0.27069435
   0.26749548
   0.25761641
   0.33130165
   0.50183251
   0.72976109
   1.28742385
   1.24517219
   0.99719521
   0.89274813
   0.80917111
   0.81563858
   0.88476165
   0.83705655
   0.77467599
   0.69120345
   0.63121233
   0.63380158
   0.69263457
   0.73950330
   0.77955395
   0.78495535
   1.14205026
   1.06238235
   0.82779588
   0.71293142
   0.65810805
   0.69342050
   0.66845823
   0.60596230
   0.55920288
   0.53079821
   0.52994170
   0.55713575
   0.55287010
   0.57589402
   0.58090651
   0.59214484
   0.60690122
   0.60826259
   0.61892796
   0.86119582
   1.16786979
   0.80718608
   0.68109155
   0.62943462
   0.60152527
   0.58938464
   0.63745119
   0.66616760
   0.63361540
   0.61572033
   0.59670076
   0.58883220
   0.58891617
   0.59359699
   0.59982817
   0.60152734
   0.60512228
   0.60187037
   0.60732908
   1.08138502
   1.04210646
   0.73896977
   0.63120623
   0.58570473
   0.55502833
   0.53397296
   0.59498342
   0.58741503
   0.56623374
   0.52073178
   0.49260972
   0.49672598
   0.49607914
   0.52500670
   0.52433846
   0.53057395
   0.55078295
   0.55613604
   0.57579953
   0.56385366
   0.54685556
   0.69894655
   1.24356579
   0.80794567
   0.63563909
   0.56189247
   0.54202323
   0.51788367
   0.49780821
   0.49417848
   0.53356344
   0.50901123
   0.45369379
   0.41611047
   0.39178253
   0.37969573
   0.37784938
   0.38314095
   0.39370296
   0.40924015
   0.41952311
   0.43722991
   0.44895069
   0.45640582
   0.46823057
   0.48294124
   0.49927999
   0.51465797
   0.53674728
   0.80776908
   1.19837695
   0.76800927
   0.60683251
   0.54886174
   0.52453180
   0.51031443
   0.48935789
   0.47252885
   0.49004250
   0.52730249
   0.49849429
   0.45991603
   0.44615512
   0.44433774
   0.43677123
   0.42435359
   0.42324415
   0.42782750
   0.43272471
   0.45233441
   0.46190411
   0.46084924
   0.45766959
   0.46098885
   0.46618406
   0.46741450
   0.59113522
   1.31323616
   0.79348205
   0.56954536
   0.47656685
   0.43669952
   0.41128308
   0.38957353
   0.37083191
   0.35102741
   0.33592979
   0.26892852
   0.23227192
   0.27036456
   0.55187800
   0.46093079
   0.17654403
   0.03517972
   0.00000000
   0.00000000
   0.00000000
   0.00000000
   0.00000000
   0.00000000
   0.00000000
   0.00000000
   0.00000000
   0.00000000
   0.00000000
   0.00000000
   0.00000000
   0.00000000
   0.00000000
   0.00000000
   0.00000000
   0.00000000
   0.00000000
   0.00000000
   0.00000000
   0.00000000
   0.00000000
   0.00000000
   0.00000000
   0.00000000
   0.00000000
   0.00000000
   0.00000000
   0.06177879
   0.12900249
   0.03956837
   0.00000000
   0.00000000
   2.09764645
   0.69453178
   0.17642806
   0.01302907
   0.00000000
   0.00000000
   0.00000000
   0.60169605
   0.62108827
   0.06822552
   0.05272247
   0.00000000
   0.01040003
   0.00000000
   0.00000000
   0.00000000
   0.00000000
   0.00000000
   0.00000000
   0.00000000
   0.00000000
   0.00000000
   0.21355918
   0.00000000
   0.00000000
   0.06549992
   0.05610391
   0.13380120
   0.23264014
   0.00000000
   0.00000000
   0.00000000
   0.00000000
   0.00000000
   0.00000000
   0.00000000
   0.00000000
   0.00000000
   0.00000000
   0.00000000
   0.00000000
   0.00000000
   0.00000000
   0.00000000
   0.00000000
   0.00000000
   0.00000000
   0.00000000
   0.00000000
   0.00000000
   0.00000000
   0.00000000
   0.00000000
   0.00000000
   0.00000000
   0.00000000
   0.00000000
   0.00000000
   0.00000000
   0.00000000
   0.00000000
   0.00000000
   0.00000000
   0.00000000
   0.00000000
   0.00000000
   0.00000000
   0.00000000
   0.00000000
   0.00000000
   0.00000000
   0.00000000
   0.00000000
   0.00000000
   0.00000000
   0.00000000
   0.00000000
   0.00000000
   0.00000000
   0.00000000
   0.00000000
   0.00000000
   0.00000000
   0.00000000
   0.00000000
   0.00000000
   0.00000000
   0.00000000
   1.29654444
   3.30457155
   1.30067548
   1.67857167
   0.30495583
   0.03025853
   0.00000000
   0.00000000
   0.00000000
   0.00000000
   0.00000000
   0.00000000
   0.00000000
   0.00000000
   0.00000000
   0.00000000
   0.00000000
   0.00000000
   0.00000000
   0.00000000
   0.00000000
   0.00000000
   0.00000000
   0.06468648
   1.15073717
   1.72629911
   1.69728059
   1.90636809
   1.25349392
   1.04164863
   0.98868569
   0.73240229
   0.75429409
   0.90734942
   1.04662108
   1.10447581
   1.11700326
   0.97395658
   0.81159407
   0.84085501
   0.94782642
