   0.00000000
   0.00000000
   0.76642301
   2.76255722
   0.08178471
   0.00000000
   0.15447655
   2.59872280
   2.76814189
   2.41452646
   0.76658718
   0.15849077
   0.00000000
   0.51652598
   1.75653370
   2.57347149
   2.53058193
   2.43079749
   1.93950597
   1.41965059
   0.63385531
   0.46553025
   1.25371077
   1.95198705
   2.28530539
   2.02341569
   1.34645893
   0.92736155
   1.38126419
   1.62499105
   1.87458057
   1.91581530
   2.35740995
   2.20275334
   2.44825724
   2.18562923
   2.51854698
   2.35304469
   2.43373897
   1.77094400
   2.07756877
   2.60924514
   2.57246640
   2.54463309
   2.85592056
   3.00906209
   3.10520910
   2.84990363
   2.83527100
   2.73938646
   2.56780095
   2.25582885
   2.22583979
   2.25427331
   2.19383903
   2.49575429
   2.31788643
   2.54197428
   2.69593763
   2.47553278
   2.56887391
   2.68916415
   2.65258653
   2.78737660
   2.86361804
   2.82475569
   2.79293993
   2.75427488
   2.69205325
   2.72883576
   2.79482429
   2.84310377
   2.82829375
   2.75118948
   2.54559310
   2.65378359
   2.30808560
   2.51186102
   2.08950685
   2.03933308
   1.99178867
   1.81118939
   1.56292346
   1.57274740
   1.79073816
   1.95134012
   1.78587128
   1.83454686
   2.35554492
   2.18792124
   2.56063820
   2.31348283
   2.56540924
   2.47694593
   2.35582734
   2.48926340
   2.17760900
   2.24309013
   2.18678565
   2.01450805
   2.39736751
   2.08984770
   2.36768951
   2.15773070
   2.29341804
   2.27019100
   2.15668037
   2.36541932
   2.05784601
   2.37113390
   1.99465273
   2.07025411
   2.14481924
   1.85741045
   1.95848260
   2.15312968
   1.85531323
   1.94126456
   2.16994675
   1.85750224
   1.99628975
   2.16816332
   1.90656710
   2.16147153
   2.10978145
   1.93715332
   2.30514489
   2.03423009
   2.07697758
   2.31090805
   2.01869236
   2.37282807
   2.06797471
   2.24340850
   2.16408056
   1.98227351
   2.31328515
   1.97894320
   2.00421573
   2.22807348
   1.89791901
   2.07147241
   2.11012763
   1.88180274
   2.13436398
   2.09681739
   1.90565212
   2.24828165
   2.01038047
   1.92663583
   2.26087535
   1.93274910
   1.94073290
   2.22976884
   1.89011329
   1.95657010
   2.17479075
   1.87606933
   1.92040615
   2.19847885
   1.86591866
   1.92480329
   2.16024027
   1.84204157
   1.86314712
   2.16898303
   1.85785149
   1.83055502
   2.18394197
   1.88945880
   1.82912906
   2.18300457
   1.90302844
   1.81551101
   2.16917131
   1.92150791
   1.77112797
   1.98333912
   1.92042290
   1.68824679
   1.62051504
   1.79590684
   1.91721055
   1.65971863
   1.60596212
   1.77832606
   1.95865607
   1.70589689
   1.67760281
   1.99298964
   1.90262067
   1.74494390
   1.80685235
   2.13380612
   1.81979018
   1.79131918
   2.15229915
   1.89169266
   1.79619438
   2.13716215
   1.91970203
   1.78714453
   2.07273476
   1.96642060
   1.78941917
   1.93199178
   2.06115627
   1.78832869
   1.78282203
   2.11388981
   1.81369894
   1.72164315
   2.00675365
   1.90366755
   1.72188967
   1.72983454
   2.06645225
   1.77969661
   1.68063392
   1.84107166
   1.96701347
   1.71217802
   1.65401418
   1.93861019
   1.83776385
   1.66146855
   1.62525838
   1.93106252
   1.79257213
   1.63269014
   1.59776021
   1.87430395
   1.80525814
   1.63616696
   1.58844631
   1.85654011
   1.84330814
   1.64577134
   1.51735416
   1.42999438
   1.39276316
   1.58363140
   1.52581205
   1.37535407
   1.28502125
   1.26837577
   1.29147610
   1.32726286
   1.72768375
   1.43259188
   1.29826086
   1.25990715
   1.30195416
   1.43518790
   1.70722183
   1.44881393
   1.30615534
   1.23738278
   1.20395082
   1.20559615
   1.23110418
   1.63189508
   1.37371333
   1.22200535
   1.12181687
   1.10057846
   1.12489469
   0.81075819
   0.64704213
   0.72722092
   0.94091393
   0.00000000
   3.57211171
   2.56749292
   1.56831043
   1.71979042
   1.23897904
   0.91799634
   0.48372685
   0.05998608
   0.00000000
   0.00000000
   0.43921237
   1.63223908
   1.22171167
   1.08385721
   0.72438161
   0.09750809
   0.00365554
   0.00556964
   0.00000000
   2.11444857
   0.94705185
   0.19746178
   0.00000000
   0.26319954
   0.47591712
   0.92893093
   1.42683533
   0.97394793
   0.67827450
   0.57682059
   0.36218300
   0.20538657
   0.02055380
   0.00358884
   0.01744151
   0.27011095
   0.30863613
   0.36400356
   0.59672681
   0.65109536
   0.71214644
   0.55411029
   0.59358948
   0.29074117
   0.34638151
   0.57915126
   0.46965446
   0.43610925
   0.43688205
   0.42324272
   0.58965193
   0.94901618
   0.64276074
   0.42834237
   0.12485345
   0.78411200
   0.95496635
   0.85935416
   1.06886026
   1.23493914
   1.45969164
   1.30668711
   0.89940175
   0.76392002
   0.71230254
   0.92712595
   0.80311037
   0.30507137
   0.12722686
   0.00024965
   0.49576774
   0.86635270
   0.97010077
   0.30736708
   0.42524627
   0.56197889
   0.29299953
   0.00272053
   0.00000000
   0.00000000
   0.02307760
   0.01348918
   0.00000000
   0.00000000
   0.09266414
   0.00000000
   0.00000000
   0.00000000
   0.00000000
   0.00000000
   0.00000000
   0.00000000
   0.00000000
   0.00000000
   0.00000000
   0.00000000
   0.00000000
   0.00000000
   0.00000000
   0.00000000
   0.00000000
   0.00000000
   0.00000000
   0.00000000
   0.00000000
   0.00000000
   0.16870861
   0.00061868
   0.00000000
   0.00000000
   0.00000000
   0.00000000
   0.00000000
   0.00000000
   0.00000000
   0.00000000
   0.00000000
   0.00000000
   0.66728725
   1.85262231
   2.54941837
   2.20100807
   2.38685744
   2.25388830
   2.24870544
   2.26008643
   2.07131711
