   0.00000000
   0.00000000
  -1.71749337
  -4.26244134
  -0.09686867
   0.00000000
  -0.03494654
  -0.15698996
  -0.90350677
  -0.53514211
   0.00000000
   0.00000000
   0.00000000
  -0.07688828
  -0.49561613
  -1.53194844
  -1.95113251
  -2.29092456
  -1.22365961
  -0.44518258
  -0.05201718
  -0.04059067
  -0.87152387
  -1.72444411
  -1.86792229
  -1.82229424
  -1.10064169
  -0.53466906
  -0.54632439
  -0.98851360
  -1.53473065
  -1.68548312
  -1.78106926
  -1.85407276
  -2.22744982
  -1.97818981
  -1.81107950
  -1.88432093
  -1.55969151
  -1.82522184
  -1.97164797
  -1.95587282
  -1.91888126
  -2.30079930
  -2.75464692
  -2.62847628
  -3.10539682
  -2.59569417
  -2.75992137
  -2.53411520
  -1.99902379
  -1.80618621
  -2.08280914
  -2.08130817
  -1.89806053
  -1.83715887
  -1.89042039
  -2.27559597
  -2.42714666
  -2.06767391
  -2.01390911
  -2.57600526
  -2.47607980
  -2.43204700
  -2.90259651
  -2.47975033
  -2.33750806
  -2.80613209
  -2.45489665
  -2.36961987
  -2.81843793
  -2.45698876
  -2.43023181
  -2.82902928
  -2.23763994
  -1.91994217
  -1.99313256
  -2.09104586
  -1.68379244
  -1.35036997
  -1.20010216
  -1.12338856
  -1.14859535
  -1.12342030
  -1.17603992
  -1.49997105
  -1.56838765
  -1.32590420
  -1.48719774
  -1.61232047
  -1.59790492
  -1.61435180
  -1.71990988
  -2.16566710
  -1.79553679
  -1.59745247
  -1.49251643
  -1.47855302
  -1.80377376
  -1.84954936
  -1.56836930
  -1.47361790
  -1.45568787
  -1.47759764
  -1.53720254
  -1.77554916
  -1.89612890
  -1.56363153
  -1.44727786
  -1.38959856
  -1.36117305
  -1.34989223
  -1.37445665
  -1.89890748
  -1.42555526
  -1.26559899
  -1.16023967
  -1.15048035
  -1.20006097
  -1.21256125
  -1.21712814
  -1.28188868
  -1.60894425
  -1.63360808
  -1.29296177
  -1.30750450
  -1.28245904
  -1.30631250
  -1.36027962
  -1.42380013
  -1.48063403
  -1.98067099
  -1.57368713
  -1.43353409
  -1.37092940
  -1.36504452
  -1.39610290
  -1.40996315
  -1.89525925
  -1.53563960
  -1.36821421
  -1.30142742
  -1.24785340
  -1.25938157
  -1.31745289
  -1.39449371
  -1.63164946
  -1.67977866
  -1.34562371
  -1.29489709
  -1.29928912
  -1.25730874
  -1.23855195
  -1.28205985
  -1.30882494
  -1.83979187
  -1.47867536
  -1.28287295
  -1.22256942
  -1.18359707
  -1.20055954
  -1.21757918
  -1.22290656
  -1.24803335
  -1.57714944
  -1.60349968
  -1.24288213
  -1.19193872
  -1.17273271
  -1.16770948
  -1.19953035
  -1.22514098
  -1.25181930
  -1.26001220
  -1.75063859
  -1.34278937
  -1.14581418
  -1.09039996
  -1.04270713
  -1.01243744
  -1.01190402
  -1.04230229
  -1.05475003
  -1.08917887
  -1.12837740
  -1.73162597
  -1.19927076
  -1.04418690
  -1.08180195
  -1.13095783
  -1.09336082
  -1.10152529
  -1.13837440
  -1.18305289
  -1.22073099
  -1.25593351
  -1.75104217
  -1.37099546
  -1.21546429
  -1.19496687
  -1.16349675
  -1.17909867
  -1.22433800
  -1.25308404
  -1.28134194
  -1.74159710
  -1.43435859
  -1.20758430
  -1.13856780
  -1.09261225
  -1.08505059
  -1.10978694
  -1.15692742
  -1.18726417
  -1.19454859
  -1.70433534
  -1.31230368
  -1.06686578
  -1.08755982
  -1.08749449
  -1.06660064
  -1.06361395
  -1.04980099
  -1.07696586
  -1.10276134
  -1.09844526
  -1.50949751
  -1.35323110
  -0.99885984
  -0.91110416
  -0.96801520
  -0.93814688
  -0.58410088
  -0.46672110
  -0.86834915
  -0.99282601
  -0.95633920
  -0.86902195
  -0.78444987
  -0.75019810
  -0.71514598
  -1.35526539
  -0.94963786
  -0.73646613
  -0.58789861
  -0.52648611
  -0.59454212
  -0.51146820
  -0.41736455
  -0.40216712
  -0.39397617
  -0.37980265
  -0.37861655
  -0.42363410
  -0.42768372
  -0.38165002
  -0.35582612
  -0.33830094
  -0.20957992
  -0.04340629
  -0.00293222
  -0.12140766
  -0.26154889
  -0.34363396
  -0.35619298
  -0.31774474
  -0.25828918
  -0.18891409
  -1.76268264
  -4.30971701
  -2.97752139
  -2.58107952
  -0.88264688
  -0.28856190
  -0.17165590
  -0.39155136
  -0.22908853
  -0.03094244
  -0.13242605
  -1.07501541
  -0.45572943
  -0.02417701
   0.00000000
   0.00000000
   0.00000000
  -0.00219777
  -0.12824312
   0.00000000
  -0.15516532
  -0.06364366
   0.00000000
  -0.17548029
  -0.28687782
   0.00000000
   0.00000000
   0.00000000
  -0.09765284
  -0.13922377
  -0.41795746
  -0.78270002
  -0.10197024
  -0.01071083
   0.00000000
   0.00000000
   0.00000000
   0.00000000
  -0.04260940
  -0.18432472
   0.00000000
   0.00000000
   0.00000000
   0.00000000
   0.00000000
   0.00000000
   0.00000000
   0.00000000
   0.00000000
   0.00000000
   0.00000000
   0.00000000
   0.00000000
   0.00000000
   0.00000000
   0.00000000
   0.00000000
   0.00000000
   0.00000000
   0.00000000
   0.00000000
   0.00000000
   0.00000000
   0.00000000
   0.00000000
   0.00000000
   0.00000000
   0.00000000
   0.00000000
   0.00000000
   0.00000000
   0.00000000
   0.00000000
   0.00000000
   0.00000000
   0.00000000
   0.00000000
   0.00000000
   0.00000000
   0.00000000
   0.00000000
   0.00000000
   0.00000000
   0.00000000
   0.00000000
   0.00000000
   0.00000000
   0.00000000
   0.00000000
   0.00000000
  -2.10058049
  -5.91254792
  -1.69353706
  -2.34922976
  -0.36234357
  -0.04572950
   0.00000000
   0.00000000
   0.00000000
  -0.01531634
  -0.21167169
  -0.46420892
  -0.19076291
  -0.33795207
  -1.13483278
  -2.09212443
  -2.55382799
  -2.69250817
  -3.06458176
  -3.44210511
  -2.98660854
  -2.22475691
  -2.10796145
  -2.75305749
  -3.28379835
  -3.58476003
  -3.12003201
  -3.41307316
  -2.53378706
  -2.62361016
  -2.30620785
  -1.91151371
  -1.76736334
  -1.90556585
  -2.48149725
  -2.21836324
  -2.10644323
  -2.07789088
  -2.49079979
  -1.59354894
  -1.30425651
