    0.000
    0.000
    0.003
    0.004
    0.003
    0.000
   -0.000
   -0.000
   -0.000
   -0.000
   -0.000
   -0.000
   -0.000
   -0.000
    0.000
    0.001
    0.002
    0.002
    0.001
    0.001
    0.001
    0.000
    0.000
    0.001
    0.001
    0.001
    0.001
    0.001
    0.000
    0.000
    0.001
    0.001
    0.001
    0.002
    0.002
    0.002
    0.003
    0.003
    0.002
    0.002
    0.003
    0.003
    0.003
    0.004
    0.005
    0.007
    0.008
    0.009
    0.009
    0.009
    0.009
    0.009
    0.010
    0.010
    0.011
    0.011
    0.011
    0.012
    0.013
    0.013
    0.014
    0.015
    0.015
    0.016
    0.017
    0.017
    0.017
    0.017
    0.018
    0.019
    0.019
    0.020
    0.021
    0.020
    0.020
    0.019
    0.019
    0.020
    0.020
    0.020
    0.019
    0.017
    0.017
    0.017
    0.017
    0.018
    0.017
    0.016
    0.017
    0.018
    0.018
    0.019
    0.018
    0.018
    0.017
    0.017
    0.018
    0.015
    0.015
    0.015
    0.015
    0.016
    0.016
    0.017
    0.016
    0.016
    0.016
    0.017
    0.017
    0.016
    0.016
    0.015
    0.013
    0.013
    0.013
    0.013
    0.014
    0.011
    0.010
    0.011
    0.011
    0.012
    0.012
    0.012
    0.013
    0.013
    0.012
    0.012
    0.012
    0.013
    0.012
    0.012
    0.012
    0.012
    0.013
    0.012
    0.011
    0.010
    0.010
    0.009
    0.009
    0.009
    0.009
    0.010
    0.009
    0.009
    0.009
    0.009
    0.010
    0.006
    0.004
    0.005
    0.005
    0.005
    0.004
    0.004
    0.004
    0.005
    0.005
    0.002
    0.001
    0.002
    0.002
    0.002
    0.003
    0.003
    0.003
    0.002
    0.002
    0.001
    0.000
    0.001
   -0.000
   -0.000
    0.000
    0.000
   -0.000
   -0.000
    0.000
   -0.001
   -0.000
    0.000
   -0.001
   -0.000
    0.000
    0.000
    0.001
    0.001
    0.001
    0.000
    0.000
    0.000
    0.001
    0.001
    0.001
    0.002
    0.000
    0.000
    0.001
    0.001
    0.001
    0.000
   -0.000
   -0.002
   -0.001
   -0.000
    0.000
    0.000
    0.001
    0.001
   -0.000
   -0.000
    0.000
    0.000
    0.001
    0.001
    0.001
   -0.001
   -0.000
   -0.001
   -0.000
   -0.001
   -0.001
   -0.000
    0.000
    0.000
   -0.001
   -0.002
   -0.001
   -0.000
    0.000
    0.000
    0.000
    0.001
    0.001
    0.001
   -0.000
   -0.000
    0.000
    0.000
    0.000
   -0.001
   -0.001
   -0.000
   -0.002
   -0.000
    0.000
   -0.001
   -0.001
   -0.000
    0.000
    0.000
    0.000
    0.000
   -0.001
   -0.000
    0.000
    0.000
    0.000
    0.000
    0.000
    0.005
    0.007
    0.011
    0.016
    0.018
    0.021
    0.025
    0.040
    0.060
    0.089
    0.112
    0.119
    0.118
    0.118
    0.117
    0.115
    0.115
    0.115
    0.115
    0.115
    0.115
    0.115
    0.115
    0.115
    0.115
    0.115
    0.115
    0.115
    0.115
    0.113
    0.113
    0.113
    0.112
    0.111
    0.111
    0.111
    0.109
    0.107
    0.106
    0.103
    0.101
    0.100
    0.099
    0.099
    0.098
    0.097
    0.096
    0.094
    0.092
    0.090
    0.088
    0.086
    0.084
    0.082
    0.080
    0.078
    0.076
    0.075
    0.073
    0.071
    0.070
    0.068
    0.067
    0.066
    0.065
    0.064
    0.063
    0.060
    0.058
    0.056
    0.054
    0.051
    0.049
    0.047
    0.045
    0.043
    0.040
    0.037
    0.037
    0.035
    0.035
    0.031
    0.027
    0.023
    0.021
    0.019
    0.016
    0.013
    0.010
    0.010
    0.008
    0.007
    0.006
    0.006
    0.004
    0.000
    0.000
    0.005
    0.007
    0.007
    0.008
    0.008
    0.005
   -0.000
    0.005
    0.005
    0.005
    0.006
    0.006
    0.006
    0.004
    0.005
    0.003
    0.003
    0.005
    0.007
    0.009
    0.009
    0.010
    0.010
    0.012
    0.014
    0.016
    0.017
    0.015
    0.014
    0.014
    0.008
    0.008
    0.009
    0.009
    0.010
    0.011
    0.008
   -0.001
    0.000
   -0.001
    0.000
