   0.00000000
   0.00000000
   0.76698719
   2.76326119
   0.08395611
   0.00000000
   0.10530191
   0.77324472
   1.65745305
   1.52789527
   0.15602905
   0.00000000
   0.00000000
   0.29907374
   1.12399296
   1.69044708
   2.43800326
   1.98725377
   1.38080681
   1.08600411
   0.44280380
   0.31669486
   1.09735108
   1.61142156
   1.67698874
   1.36535272
   0.87383560
   1.00474039
   0.98290408
   1.18546611
   1.47531808
   1.54338161
   1.58559158
   1.76648821
   1.98204440
   1.70427861
   1.72555513
   2.19293737
   1.62266829
   1.38151910
   1.73273017
   2.25662599
   1.90477495
   2.09687243
   2.40319647
   2.51206367
   2.47104487
   2.60194000
   2.31802319
   2.40120477
   1.87518052
   2.09068148
   1.82782279
   1.67903013
   1.79404374
   2.15199230
   1.92548457
   1.88498441
   2.33101405
   1.99678644
   2.14323103
   2.25189666
   2.17714969
   2.52926602
   2.39778994
   2.37571312
   2.32891468
   2.33016510
   2.35710493
   2.34300497
   2.34177917
   2.37124781
   2.42535637
   2.28959919
   2.19091884
   2.15696070
   1.87929131
   1.73849987
   2.01294257
   1.43473206
   1.25811345
   1.23899947
   1.17150779
   1.16915378
   1.42875913
   1.46887598
   1.40250629
   1.44474159
   1.52893187
   1.62671648
   2.01538234
   1.80679164
   1.72702283
   2.06737953
   1.89455556
   1.71004010
   1.79780882
   1.92183809
   1.61694572
   1.57052952
   1.62624761
   1.98690420
   1.69190781
   1.58692403
   1.61636301
   1.97256303
   1.70218154
   1.57373068
   1.56156332
   1.87134744
   1.65030197
   1.46395499
   1.40271218
   1.40709114
   1.72830767
   1.58369947
   1.41919410
   1.36562134
   1.36536664
   1.39884241
   1.77731971
   1.50414076
   1.40729715
   1.38298801
   1.41140077
   1.68554170
   1.65254987
   1.48647470
   1.44717537
   1.46988859
   1.73548825
   1.72318713
   1.53709406
   1.47267054
   1.48278007
   1.79751022
   1.59517033
   1.45236023
   1.40006181
   1.40351607
   1.65492081
   1.61338098
   1.42602613
   1.36306257
   1.37092319
   1.40878040
   1.74976472
   1.54251600
   1.41407965
   1.36692103
   1.37846727
   1.52654631
   1.66501013
   1.43907390
   1.35117285
   1.31030922
   1.32049239
   1.56799622
   1.59500258
   1.39355744
   1.31165837
   1.28538205
   1.29654376
   1.41098481
   1.64027276
   1.37927037
   1.28526706
   1.25492348
   1.26319007
   1.28425875
   1.56220137
   1.49229561
   1.33013001
   1.25862495
   1.25047073
   1.23688635
   1.18200515
   1.63032976
   1.31516091
   1.14976930
   1.07809334
   1.05155759
   1.04368975
   1.06388307
   1.09164134
   1.15978260
   1.49844147
   1.15833091
   1.12522871
   1.10152015
   1.09008782
   1.11286781
   1.15377296
   1.19395601
   1.55103166
   1.38757070
   1.25171646
   1.20731526
   1.20432982
   1.22461667
   1.24752813
   1.63224059
   1.38741895
   1.27100869
   1.23536314
   1.23504024
   1.23524476
   1.26926066
   1.62314023
   1.30940013
   1.20498040
   1.16240029
   1.15772529
   1.17733198
   1.18666726
   1.50805284
   1.35086181
   1.20128328
   1.12981542
   1.10734811
   1.12194731
   1.13952112
   1.15040960
   1.51739543
   1.30614186
   1.16856394
   1.08446120
   1.04314422
   1.04554779
   1.06188289
   1.07615575
   1.07571683
   1.46680309
   1.07657291
   0.96043996
   0.99065102
   0.96845474
   0.86265527
   0.75803491
   0.62943430
   0.54351499
   0.48349607
   0.48285901
   0.54954688
   0.58951983
   0.96152724
   1.16766857
   0.80875114
   0.65651383
   0.60577074
   0.57912719
   0.55463593
   0.53571532
   0.57560660
   0.58129243
   0.54985278
   0.51150823
   0.49647699
   0.49183904
   0.49218047
   0.49433527
   0.21259788
   0.03373946
   0.14915264
   0.41398880
   0.62075650
   0.69486504
   0.67259300
   0.69179645
   3.51261744
   4.77553538
   2.62642791
   0.42806670
   2.69814116
   0.58004395
   0.55967067
   0.35037510
   0.24602881
   0.14437002
   0.48529127
   0.39362694
   0.02267343
   0.00000000
   0.16965086
   0.12383427
   0.18562305
   0.04472592
   0.00119608
   0.08328022
   0.07918144
   0.00000000
   0.00000000
   0.00000000
   0.01721013
   0.36810210
   0.43032222
   0.30970930
   0.54810655
   0.25334505
   0.16334043
   1.10082369
   0.55198933
   0.29719780
   0.24194805
   0.01143964
   0.08102475
   0.46276582
   0.37455131
   0.09952236
   0.00762462
   0.19129320
   0.20677497
   0.11275544
   0.00000000
   0.00000000
   0.00000000
   0.00000000
   0.00000000
   0.00000000
   0.00000000
   0.00000000
   0.00000000
   0.00000000
   0.00000000
   0.00000000
   0.00000000
   0.00000000
   0.00000000
   0.00000000
   0.00000000
   0.00000000
   0.00000000
   0.00000000
   0.00000000
   0.00000000
   0.00000000
   0.00000000
   0.00000000
   0.00000000
   0.00000000
   0.00000000
   0.00000000
   0.00000000
   0.00000000
   0.00000000
   0.00000000
   0.00000000
   0.00000000
   0.00000000
   0.00000000
   0.00000000
   0.00000000
   0.00000000
   0.00000000
   0.00000000
   0.00000000
   0.00000000
   0.00000000
   0.32906874
   3.45395676
   1.13523479
   1.97805498
   0.35491159
   0.04002986
   0.09933719
   0.00000000
   0.00000000
   0.15572654
   1.69086501
   1.15911337
   0.77521533
   1.49431778
   1.96351363
   1.91924069
   1.78986472
   2.58943443
   2.65094674
   2.99634006
   2.41004228
   2.32867876
   1.97079119
   2.50509065
   2.68662742
   2.95782816
   2.76571743
   2.78926351
   2.58614291
   2.07413828
   2.29291851
   2.09365779
   1.73689204
   1.95762100
   2.29748488
   2.05458036
   2.41663674
   2.07125385
   2.22065514
   1.87985779
   1.64397228
