-5.893382593912111595e+06
-6.020524719783581793e+06
-6.149838147424111143e+06
-6.271159386904034764e+06
-6.251944127895005979e+06
-6.233085118607142940e+06
-6.220281789719047025e+06
-6.214847120106243528e+06
-6.213580466580223292e+06
-6.217342212374117225e+06
-6.221017542431406677e+06
-6.217366227101143450e+06
-6.208778601988697425e+06
-6.198799182968504727e+06
-6.186363872738689184e+06
-6.173867111139749177e+06
-6.164496484555615112e+06
-6.162831059904633090e+06
-6.163097719443064183e+06
-6.161799054462430999e+06
-6.156529157311735675e+06
-6.154460965823683888e+06
-6.163067774987410754e+06
-6.172556861384563148e+06
-6.176386215993110090e+06
-6.176386215993110090e+06
-6.178413416443481110e+06
-6.176557613761003129e+06
-6.173349794823470525e+06
-6.169200708783241920e+06
-6.166972364311887883e+06
-6.164668297844532877e+06
-6.159734822305382229e+06
-6.154010266882769763e+06
-6.135912925467171706e+06
-6.097760426516708918e+06
-6.020075071200465783e+06
-5.719561277783057652e+06
-5.477073180950499140e+06
