            0.0     0.00000     0.00000     0.00000    34.00000
       422709.0     0.00001     0.00000     0.00000    33.99066
     -6878031.6     0.01027     0.11656     0.06581    28.51106
     -9446401.8     0.02606     0.55192     0.09343    24.30835
     -8777240.5     0.02755     1.46233     0.09360    24.30792
     -8678953.3     0.03200     3.20089     0.08217    22.15857
     -9659950.8     0.03401     3.15852     0.06658    18.48555
     -9708184.8     0.03400     3.17084     0.06691    18.46786
    -10203588.7     0.03486     3.23574     0.06864    18.37936
     -9434391.5     0.03662     2.08595     0.07216    17.41186
     -9290697.2     0.03713     2.41563     0.07221    17.37268
     -9203832.9     0.03790     2.75209     0.07236    17.26799
     -9199731.0     0.03802     2.80446     0.07249    17.23962
     -9363711.4     0.03813     2.90716     0.07249    17.23962
     -9615958.6     0.03830     3.04646     0.07249    17.23962
     -9803124.0     0.03836     3.10690     0.07249    17.23962
    -10002807.8     0.03855     3.24084     0.07249    17.23962
    -10080060.6     0.03866     3.30323     0.07254    17.23777
    -10222231.2     0.03971     3.40961     0.07435    17.17958
    -10195143.0     0.03990     3.43037     0.07471    17.16881
    -10230353.1     0.04031     3.47049     0.07542    17.14797
    -10340581.1     0.04057     3.49622     0.07588    17.13481
    -10505216.9     0.04078     3.51540     0.07624    17.12478
    -10692901.8     0.04092     3.52805     0.07650    17.11793
    -10812577.5     0.04106     3.54014     0.07674    17.11133
    -10762964.4     0.04124     3.55661     0.07706    17.10286
    -10860371.5     0.04187     3.61300     0.07815    17.07469
    -10868913.8     0.04210     3.63386     0.07855    17.06477
    -10932002.8     0.04232     3.65310     0.07893    17.05550
    -11112422.5     0.04249     3.66765     0.07923    17.04835
    -11260741.0     0.04270     3.68432     0.07958    17.04001
    -11497347.0     0.04291     3.70171     0.07995    17.03124
    -11689685.6     0.04310     3.71627     0.08028    17.02380
    -11857655.3     0.04322     3.72570     0.08049    17.01886
    -12075547.1     0.04348     3.74557     0.08093    17.00904
    -12374592.4     0.04393     3.78193     0.08172    16.99166
    -12703119.9     0.04422     3.80388     0.08221    16.98104
    -12816874.2     0.04438     3.81586     0.08249    16.97505
    -13241303.2     0.04574     3.92266     0.08484    16.92747
    -13574878.2     0.04610     3.94986     0.08547    16.91545
    -13944392.1     0.04625     3.96037     0.08573    16.91040
    -14213522.6     0.04650     3.97789     0.08616    16.90244
    -14664617.9     0.04691     4.00799     0.08687    16.88923
    -15157963.8     0.04704     4.01640     0.08710    16.88504
    -15630612.7     0.04711     4.01982     0.08723    16.88282
    -16255804.5     0.04714     4.01941     0.08727    16.88201
    -16664449.9     0.04726     4.02666     0.08748    16.87831
    -17190559.2     0.04745     4.05454     0.09197    17.71927
    -17704852.9     0.04838     4.14373     0.09949    18.71984
    -18050055.0     0.04886     4.20377     0.10645    19.63191
    -18465170.7     0.04970     4.27299     0.11241    20.18653
    -18640564.0     0.05084     4.33009     0.11833    20.60415
    -18855335.1     0.05179     4.34595     0.12001    20.53673
    -19225075.6     0.05275     4.36297     0.12104    20.38347
    -19491391.1     0.05369     4.38446     0.12202    20.22940
    -19976296.0     0.05490     4.43324     0.12374    20.09143
    -20338514.7     0.05576     4.45352     0.12488    19.98198
    -20790308.3     0.05687     4.47340     0.12623    19.82881
    -21076512.5     0.05784     4.49679     0.12791    19.75138
    -21390809.4     0.05872     4.52937     0.13004    19.75507
    -21954340.9     0.05957     4.53861     0.13212    19.74493
    -22403669.7     0.06091     4.53976     0.13474    19.65159
    -23514530.7     0.06418     4.75216     0.13502    18.90146
    -24314641.5     0.06659     4.81641     0.13615    18.39353
    -24660253.1     0.06785     4.81407     0.13615    18.04394
    -25123226.7     0.06886     4.81201     0.13615    17.78052
    -26077954.1     0.07138     5.11556     0.14162    17.90419
    -26880904.5     0.07337     5.18080     0.14377    17.67032
    -27285157.6     0.07460     5.18039     0.14527    17.53106
    -27785544.6     0.07574     5.18068     0.14733    17.48131
    -28908158.6     0.07833     5.57772     0.15121    17.43343
    -29665165.1     0.08047     5.66807     0.15527    17.39591
    -29802780.8     0.08171     5.67023     0.15866    17.46331
    -30515508.0     0.08386     5.95830     0.16388    17.60729
    -31070037.8     0.08574     6.02716     0.16414    17.24805
    -31500134.0     0.08809     6.18566     0.16623    16.98855
    -31728692.4     0.08928     6.24046     0.16738    16.85713
    -31349267.3     0.08961     6.24008     0.16738    16.77976
    -31578057.9     0.08979     6.23990     0.16738    16.73883
    -31662088.3     0.08989     6.23972     0.16738    16.71478
    -32088783.5     0.09132     6.37879     0.16954    16.67660
    -33007640.9     0.09341     6.51850     0.17302    16.63208
    -33348306.7     0.09419     6.56465     0.17419    16.60027
    -33633182.5     0.09436     6.56405     0.17419    16.56166
    -33820782.6     0.09467     6.56322     0.17419    16.49245
    -34067203.7     0.09505     6.56233     0.17419    16.40764
    -35093734.7     0.09694     6.78621     0.17609    16.27137
    -35699190.3     0.09849     6.85867     0.17717    16.07431
    -36087430.8     0.09951     6.86103     0.18067    16.23687
    -36246257.9     0.10041     6.85979     0.18076    16.05897
    -36641244.9     0.10111     6.85928     0.18142    15.97767
    -37010006.6     0.10191     6.85903     0.18242    15.91225
    -37642480.4     0.10398     7.31348     0.18485    15.88626
    -38163335.3     0.10534     7.37797     0.18748    15.89921
    -38613611.3     0.10726     7.54022     0.19119    15.93796
    -38989289.6     0.10835     7.59588     0.19396    16.01401
    -39172796.8     0.10869     7.59696     0.19546    16.09153
    -40597107.4     0.11180     7.87434     0.20119    16.11797
    -41355057.6     0.11377     7.98457     0.20484    16.11597
    -41649711.7     0.11445     7.98535     0.20629    16.12028
    -41789757.2     0.11514     7.98624     0.20782    16.12701
    -42015694.8     0.11574     7.98729     0.20939    16.15375
    -42307274.9     0.11633     7.98829     0.21100    16.18019
    -42560978.4     0.11760     7.99631     0.20930    15.81896
    -43160395.4     0.12005     8.39246     0.21067    15.61167
    -43639127.1     0.12149     8.45046     0.21178    15.46718
    -43813223.3     0.12214     8.44945     0.21178    15.34881
    -43855250.7     0.12266     8.44858     0.21178    15.25320
    -43910974.4     0.12307     8.44783     0.21178    15.17855
    -44507435.6     0.12475     8.67983     0.21368    15.11889
    -44899564.8     0.12572     8.73147     0.21480    15.06428
    -45570801.6     0.12740     8.86486     0.21700    15.01039
    -46500550.8     0.12985     9.03188     0.22039    14.94900
    -46849904.6     0.13100     9.08412     0.22151    14.86910
    -47073650.6     0.13145     9.08348     0.22151    14.79254
    -47177001.3     0.13189     9.08279     0.22151    14.71459
    -47246152.6     0.13230     9.08597     0.22502    14.96370
    -48468705.1     0.13535     9.40816     0.22926    14.90925
    -49238091.0     0.13706     9.51021     0.23151    14.84625
    -49455862.5     0.13745     9.50972     0.23174    14.79560
    -49623675.6     0.13786     9.50942     0.23213    14.75858
    -49740835.2     0.13825     9.50938     0.23268    14.74155
    -50005945.6     0.13862     9.50951     0.23342    14.74218
    -50212474.7     0.13903     9.50977     0.23428    14.75022
    -50376508.6     0.13944     9.51016     0.23524    14.76488
    -50641989.9     0.13988     9.51062     0.23630    14.78479
    -51433498.7     0.14171     9.93713     0.23874    14.80738
    -51929616.1     0.14293     9.99993     0.24103    14.82035
    -52144453.6     0.14350    10.00056     0.24225    14.83145
    -52357968.9     0.14408    10.00122     0.24352    14.84495
    -53017776.7     0.14599    10.25577     0.24668    14.86772
    -53348422.3     0.14716    10.31343     0.24914    14.89956
    -53490652.9     0.14759    10.31441     0.25052    14.94207
    -53650587.9     0.14798    10.31541     0.25190    14.99007
    -53816314.0     0.14835    10.31641     0.25328    15.03888
    -54451467.9     0.15008    10.55053     0.25657    15.08645
    -54837485.9     0.15152    10.61744     0.25996    15.16203
    -55505114.8     0.15409    10.75776     0.25852    14.71106
    -55903994.1     0.15558    10.81084     0.25962    14.58587
    -56551987.1     0.15753    10.95838     0.26180    14.50213
    -57013752.6     0.15869    11.01078     0.26290    14.43041
    -57277177.8     0.15917    11.00996     0.26290    14.35708
    -57506809.9     0.15966    11.00915     0.26290    14.28399
    -57674600.1     0.16014    11.00834     0.26290    14.21156
    -58312621.6     0.16196    11.27310     0.26472    14.15070
    -58705887.5     0.16305    11.32614     0.26581    14.08941
    -58843201.8     0.16347    11.32539     0.26581    14.02682
    -59003986.9     0.16388    11.32466     0.26581    13.96794
    -59043687.5     0.16435    11.32401     0.26581    13.90872
    -60873730.9     0.16888    11.76771     0.27238    13.88318
    -61844398.9     0.17135    11.90629     0.27922    14.09307
    -61779682.7     0.17188    11.90569     0.27922    14.02153
    -61941351.4     0.17229    11.90142     0.27572    13.69547
    -61914574.1     0.17266    11.90467     0.27922    13.91422
    -62905356.7     0.17428    12.12884     0.28137    13.89938
    -63420522.4     0.17527    12.18434     0.28289    13.88700
    -63295264.6     0.17561    12.18432     0.28340    13.87636
    -63503014.5     0.17590    12.18447     0.28402    13.88194
    -63574770.4     0.17618    12.18478     0.28476    13.89864
    -64664359.2     0.17918    12.52314     0.28986    13.94563
    -65322057.1     0.18073    12.61629     0.29297    13.98577
    -65419052.5     0.18101    12.61684     0.29387    14.01508
    -65611667.7     0.18128    12.61737     0.29476    14.04332
    -65811594.6     0.18156    12.61787     0.29564    14.06828
    -66078195.6     0.18188    12.61830     0.29651    14.08792
    -66227604.9     0.18225    12.61873     0.29739    14.10186
    -66262649.1     0.18262    12.61920     0.29827    14.11548
    -66885752.1     0.18433    12.92765     0.30088    14.14088
    -67459815.8     0.18533    12.97928     0.30291    14.16390
    -68012048.0     0.18710    13.13555     0.30606    14.18542
    -68356239.8     0.18813    13.18734     0.30807    14.20230
    -68256504.3     0.18848    13.18795     0.30897    14.21948
    -68620826.2     0.19011    13.34764     0.31203    14.25192
    -68841001.4     0.19094    13.39534     0.31400    14.28822
    -69006510.0     0.19108    13.39604     0.31483    14.32455
    -69098096.6     0.19118    13.39659     0.31556    14.35860
    -69750780.9     0.19263    13.54732     0.31836    14.39329
    -70115956.6     0.19332    13.59411     0.31996    14.42081
    -70283435.1     0.19452    13.60693     0.32213    14.43719
    -70925654.5     0.19689    13.75564     0.32355    14.27911
    -71285615.3     0.19829    13.79436     0.32114    13.95733
    -71465664.0     0.19885    13.79380     0.32114    13.88901
    -72194309.5     0.20069    13.95041     0.32333    13.84266
    -72609922.2     0.20176    13.99833     0.32440    13.79419
    -72778652.2     0.20217    13.99777     0.32440    13.74486
    -72963445.0     0.20256    13.99719     0.32440    13.69746
    -73121266.9     0.20294    13.99661     0.32440    13.65064
    -73299782.9     0.20331    13.99602     0.32440    13.60465
    -73343743.3     0.20367    13.99545     0.32440    13.56045
    -73959139.6     0.20539    14.27721     0.32621    13.52975
    -74417915.0     0.20635    14.32426     0.32728    13.49502
    -74723334.1     0.20670    14.32364     0.32728    13.45178
    -74968423.5     0.20708    14.32297     0.32728    13.40491
    -75009347.4     0.20747    14.32232     0.32728    13.35681
    -75069460.5     0.20783    14.32173     0.32728    13.31333
    -75152780.6     0.20816    14.32114     0.32728    13.27325
    -76054770.9     0.21032    14.65734     0.32982    13.25138
    -76113690.6     0.21091    14.66188     0.33012    13.21038
    -76279226.4     0.21135    14.66518     0.33362    13.39706
    -76488683.5     0.21175    14.66085     0.33012    13.11747
    -76628126.9     0.21214    14.66029     0.33012    13.07106
    -77140147.8     0.21388    14.88952     0.33561    13.27485
    -77455101.6     0.21480    14.92861     0.33669    13.24663
    -78577236.1     0.21785    15.18718     0.34129    13.24255
    -79672639.7     0.22069    15.39299     0.34595    13.25246
    -80065495.1     0.22154    15.43806     0.34741    13.25707
    -80181693.7     0.22176    15.43817     0.34790    13.26231
    -80231473.4     0.22197    15.43838     0.34845    13.27324
    -80316865.2     0.22217    15.43864     0.34905    13.28881
    -80403029.6     0.22235    15.43898     0.34968    13.30823
    -80988560.0     0.22390    15.64579     0.35241    13.34298
    -81346400.4     0.22468    15.68983     0.35418    13.37458
    -81508388.6     0.22485    15.69028     0.35491    13.40037
    -81580966.9     0.22504    15.69072     0.35564    13.42484
    -81568772.3     0.22521    15.69120     0.35635    13.44980
    -81703074.3     0.22538    15.69168     0.35707    13.47585
    -81771565.9     0.22555    15.69216     0.35780    13.50166
    -82978515.7     0.22852    16.02293     0.36293    13.54721
    -83359423.6     0.22996    16.10499     0.36580    13.57837
    -83944199.7     0.23156    16.23801     0.36882    13.60899
    -84355440.0     0.23238    16.28111     0.37056    13.63195
    -84952289.0     0.23399    16.41435     0.37351    13.65704
    -85713172.1     0.23620    16.57593     0.37751    13.68387
    -86005412.1     0.23700    16.61835     0.37912    13.69995
    -86112227.9     0.23717    16.61867     0.37963    13.71091
    -86225945.4     0.23733    16.61894     0.38011    13.72068
    -86855912.7     0.23890    16.77406     0.38279    13.73731
    -88028263.4     0.24247    17.04630     0.38901    13.76578
    -87890530.4     0.24520    17.23626     0.39390    13.79340
    -84956543.8     0.24589    11.99293     0.39954    13.27953
    -85139233.1     0.24590    11.99272     0.39935    13.26812
    -83438069.9     0.24595     8.57650     0.40259    12.93873
    -81100078.0     0.24594     2.27230     0.41272    12.51354
   -101151498.1     0.26724     2.26374     0.42238    10.98228
   -117839000.9     0.27783     2.24745     0.42287     9.88335
   -130632107.5     0.29736     2.23596     0.43973     8.99517
   -133195325.1     0.32316     3.13342     0.47859     9.13330
   -133836010.5     0.33984     3.52352     0.49862     8.94686
   -134303237.7     0.34870     3.52568     0.50983     8.85668
   -134757576.5     0.35586     3.53830     0.51812     8.75318
   -134854392.6     0.36030     3.53717     0.52231     8.63717
   -135172514.2     0.36647     4.48596     0.53007     8.69014
   -136423227.0     0.37201     6.11799     0.53410     8.67515
   -136778601.8     0.37525     6.49175     0.53797     8.68421
   -138343941.5     0.38124     9.11106     0.53879     8.59419
   -139178951.2     0.38442    10.22759     0.54024     8.56580
   -139168910.4     0.38561    10.22799     0.54230     8.58310
   -140220243.0     0.38949    11.97833     0.54479     8.63079
   -140981779.2     0.39305    13.59798     0.54752     8.69687
   -140864078.6     0.39453    13.97141     0.55036     8.77279
   -140871718.5     0.39531    13.97378     0.55319     8.85239
   -140878710.2     0.39600    13.97616     0.55591     8.93150
   -140909263.5     0.39720    13.98408     0.55410     8.76443
   -140869782.3     0.39799    13.98303     0.55410     8.70557
   -141281301.4     0.39998    14.85871     0.55410     8.66262
   -141265655.7     0.40104    15.22744     0.55410     8.62780
   -137601586.2     0.40151     9.09317     0.56267     8.34367
   -136042178.6     0.40202     5.40221     0.56927     8.21213
   -134829990.0     0.40237     2.58215     0.57392     8.07172
   -133785983.9     0.40253     2.33951     0.57443     8.05266
   -131983876.7     0.40253     2.34296     0.57443     8.05134
   -130481159.3     0.40252     2.34665     0.57443     8.05134
   -129896337.7     0.40392     2.79905     0.57489     8.04116
   -129264581.7     0.40450     2.35195     0.57629     8.01147
   -128799061.1     0.40449     2.35494     0.57629     8.01147
   -131205140.9     0.40457     2.35484     0.57629     8.00567
   -131157835.6     0.40450     2.32452     0.56079     7.29209
   -129452320.8     0.40423     2.32274     0.55629     7.07364
   -125531224.8     0.40402     2.33004     0.55629     7.07364
   -118871885.4     0.39782     0.36786     0.56036     7.45459
   -112244106.2     0.38578     0.36278     0.54273     7.41835
   -107086885.9     0.37774     0.36021     0.53090     7.39373
   -102552158.9     0.37181     0.35586     0.51859     7.31226
    -99201819.6     0.36924     0.34806     0.50575     6.88944
    -96228910.4     0.36682     0.34629     0.49754     6.61114
    -92807341.0     0.36351     0.34312     0.48669     6.33881
    -90013251.3     0.36013     0.34189     0.47815     6.07395
    -91213457.7     0.35788     0.33749     0.47229     5.93866
    -96092944.8     0.35659     0.31158     0.47053     5.95588
   -102095605.1     0.35046     0.26922     0.45053     5.20816
   -102137035.2     0.34947     0.26773     0.45053     5.20492
    -99693192.6     0.34848     0.27123     0.45005     5.20926
    -96392141.6     0.34659     0.27391     0.44640     5.23731
    -92773761.4     0.34340     0.27626     0.44100     5.30743
    -89918677.7     0.34058     0.27958     0.43747     5.35478
    -86753516.6     0.33709     0.28619     0.43605     5.54042
    -85659848.8     0.33459     0.28204     0.42871     5.38639
    -85583998.0     0.33337     0.28394     0.42871     5.38639
    -89210239.7     0.33224     0.28245     0.42871     5.38639
    -86464321.8     0.32516     0.25932     0.41688     5.08052
    -82748270.3     0.32148     0.25237     0.40370     4.81371
    -78785456.3     0.31635     0.26463     0.40617     5.13273
    -75908997.5     0.31014     0.26706     0.40125     5.27664
    -74027593.4     0.30744     0.25385     0.38599     4.83961
    -70630371.8     0.30307     0.25590     0.37982     4.83741
    -67013670.5     0.29804     0.26209     0.37664     5.04639
    -63987518.8     0.29367     0.26152     0.36908     4.93594
    -59065021.8     0.28602     0.25723     0.35366     4.57562
    -53007663.2     0.27165     0.25444     0.33584     4.52663
    -47099796.4     0.24910     0.24478     0.31230     4.59401
    -42773648.6     0.23974     0.22610     0.28571     3.83563
    -38740259.4     0.23008     0.22153     0.26939     3.37706
    -35552618.5     0.20982     0.18072     0.23693     2.28920
    -32065944.9     0.20031     0.17558     0.22195     1.88433
    -29442467.1     0.19345     0.17459     0.21168     1.64299
    -29047549.5     0.16776     0.13803     0.18464     1.17253
    -25396488.7     0.15791     0.12281     0.16260     0.58738
    -19877726.6     0.14079     0.11384     0.14105     0.32725
    -13914106.5     0.11496     0.09602     0.10886     0.12684
     -7794002.6     0.08155     0.07180     0.07079     0.03656
     -1253088.4     0.04496     0.04046     0.03000     0.01238
      2013722.6     0.02462     0.00000     0.00000     6.09164
      1449388.4     0.02313     0.00000     0.00000     7.78991
      1560472.0     0.02163     0.00000     0.00000     9.47960
      2163275.0     0.02013     0.00000     0.00000    11.18707
      1828344.9     0.01864     0.00000     0.00000    12.86955
      1923423.6     0.01717     0.00000     0.00000    14.53936
      2012382.3     0.01572     0.00000     0.00000    16.18445
      1359154.7     0.01431     0.00000     0.00000    17.77937
      1758644.2     0.01295     0.00000     0.00000    19.31864
      1198975.4     0.01169     0.00000     0.00000    20.75190
      1218550.9     0.01046     0.00000     0.00000    22.14055
      1607696.4     0.00930     0.00000     0.00000    23.45932
      1298967.4     0.00822     0.00000     0.00000    24.67849
      2270361.2     0.00724     0.00000     0.00000    25.79490
      1042389.8     0.00633     0.00000     0.00000    26.82611
      1289941.9     0.00550     0.00000     0.00000    27.77040
      1236030.0     0.00476     0.00000     0.00000    28.60710
      1126411.4     0.00410     0.00000     0.00000    29.35145
      1694335.3     0.00351     0.00000     0.00000    30.01617
      1855164.0     0.00299     0.00000     0.00000    30.60951
      2219390.6     0.00254     0.00000     0.00000    31.12461
      2276583.0     0.00215     0.00000     0.00000    31.56755
      1616195.6     0.00181     0.00000     0.00000    31.94348
      1608540.2     0.00154     0.00000     0.00000    32.25859
      1288771.1     0.00130     0.00000     0.00000    32.52669
      1915412.9     0.00110     0.00000     0.00000    32.75649
      2069197.3     0.00092     0.00000     0.00000    32.95304
      1052226.8     0.00078     0.00000     0.00000    33.11829
       830492.5     0.00066     0.00000     0.00000    33.25620
       761858.2     0.00055     0.00000     0.00000    33.37343
      1192725.0     0.00046     0.00000     0.00000    33.47392
      1935210.0     0.00039     0.00000     0.00000    33.56002
      2965059.5     0.00032     0.00000     0.00000    33.63230
      1310105.0     0.00027     0.00000     0.00000    33.69357
      1392507.9     0.00023     0.00000     0.00000    33.74281
      2113839.7     0.00019     0.00000     0.00000    33.78473
      2245252.6     0.00016     0.00000     0.00000    33.82002
      2050325.2     0.00013     0.00000     0.00000    33.84979
      1029207.3     0.00011     0.00000     0.00000    33.87436
       761263.8     0.00009     0.00000     0.00000    33.89391
       509672.8     0.00008     0.00000     0.00000    33.90887
       807980.5     0.00007     0.00000     0.00000    33.92312
       561573.7     0.00006     0.00000     0.00000    33.93546
       756518.3     0.00005     0.00000     0.00000    33.94320
       838022.3     0.00004     0.00000     0.00000    33.95213
       569436.4     0.00004     0.00000     0.00000    33.95976
       -24586.6     0.00003     0.00640     0.00591    33.96530
    -11803814.7     0.01432     0.06586     0.07530    27.16507
    -17301959.3     0.04110     0.14176     0.11171    20.75073
    -17631892.7     0.04512     0.24414     0.11504    19.95635
    -18860011.4     0.05073     0.31441     0.12172    19.03685
    -17916367.2     0.05146     0.40494     0.12256    18.96767
    -18631464.9     0.05462     2.28507     0.11546    17.95657
    -21777615.6     0.06660     4.82306     0.12478    16.85858
    -19019753.5     0.06963     2.27500     0.12820    15.56879
    -29364039.2     0.06950     2.06367     0.10854    12.25924
    -40730589.5     0.08963     2.11842     0.17260    15.86085
    -40552743.0     0.10735     2.18053     0.19629    14.78851
    -40087189.6     0.11076     2.17835     0.20266    14.78213
    -40018430.9     0.11173     2.21589     0.20753    15.08322
    -40461616.9     0.11362     3.10727     0.21060    15.28038
    -40707576.8     0.11469     3.24672     0.21226    15.30694
    -41366927.6     0.11719     4.41824     0.20875    14.85242
    -41778582.3     0.11822     4.80837     0.20875    14.77477
    -42053784.1     0.11855     4.81132     0.20875    14.71197
    -42475610.4     0.11893     4.81101     0.20875    14.64072
    -42624175.5     0.11953     4.83205     0.20875    14.53508
    -42715922.3     0.12028     4.96755     0.20875    14.43459
    -42973848.7     0.12122     5.26685     0.20875    14.34871
    -43253010.1     0.12168     5.31403     0.20875    14.27861
    -43619777.7     0.12215     5.31352     0.20875    14.20353
    -44029985.2     0.12279     5.31290     0.20875    14.08887
    -44297660.9     0.12364     5.33155     0.21225    14.28864
    -44658787.4     0.12440     5.33438     0.21235    14.16037
    -45791370.9     0.12833     7.35895     0.21307    14.10601
    -46746806.9     0.13112     8.78119     0.21422    14.12785
    -47065675.9     0.13208     9.13008     0.21549    14.18225
    -49359526.4     0.13919     9.99537     0.22756    14.26653
    -49637476.5     0.13978    10.03685     0.22918    14.32401
    -49808810.6     0.13991    10.03739     0.22991    14.36604
    -50029356.8     0.14003    10.03798     0.23044    14.39400
    -50254014.3     0.14017    10.04150     0.23098    14.41906
    -50492144.4     0.14053    10.10061     0.23180    14.44884
    -52101588.0     0.14513    10.53359     0.23994    14.49907
    -56579620.7     0.15806    11.58454     0.26254    14.58335
    -57042877.7     0.15913    11.64516     0.26494    14.62562
    -58811464.8     0.16496    12.10273     0.27523    14.66905
    -57718541.4     0.16603    11.70263     0.27811    14.65483
