    0.000
    0.000
    0.003
    0.004
    0.003
   -0.000
   -0.000
   -0.000
   -0.000
    0.002
    0.001
    0.001
    0.001
    0.001
    0.000
    0.000
    0.000
   -0.000
   -0.000
   -0.000
    0.000
   -0.000
    0.000
   -0.000
    0.000
   -0.000
    0.000
   -0.000
   -0.000
   -0.000
    0.000
   -0.000
    0.000
   -0.000
    0.000
   -0.000
   -0.000
   -0.000
   -0.000
   -0.000
   -0.000
   -0.000
   -0.000
   -0.000
   -0.000
   -0.000
   -0.000
   -0.000
   -0.000
   -0.000
   -0.000
   -0.000
   -0.000
   -0.000
   -0.000
   -0.000
    0.000
   -0.000
   -0.000
   -0.000
    0.000
    0.000
   -0.000
    0.000
    0.000
    0.000
   -0.000
    0.000
    0.000
    0.000
   -0.000
    0.000
    0.000
   -0.000
    0.000
   -0.000
    0.000
    0.000
    0.000
    0.000
   -0.000
   -0.000
    0.000
    0.000
    0.000
    0.000
   -0.000
    0.000
    0.000
    0.000
    0.000
    0.001
   -0.000
    0.000
   -0.000
    0.000
    0.000
   -0.000
    0.000
    0.000
    0.000
    0.000
    0.000
    0.000
   -0.000
    0.000
    0.000
    0.000
    0.000
   -0.000
    0.000
   -0.000
    0.000
    0.000
    0.000
    0.000
    0.000
   -0.000
    0.000
    0.000
    0.000
    0.000
    0.000
    0.000
    0.000
    0.001
   -0.000
    0.000
    0.000
    0.000
   -0.000
    0.000
    0.000
    0.000
    0.000
   -0.000
    0.000
   -0.000
    0.000
   -0.000
    0.000
    0.000
    0.000
    0.000
   -0.000
    0.000
    0.000
    0.000
    0.000
   -0.000
    0.000
    0.000
    0.000
    0.000
   -0.000
    0.000
    0.000
    0.000
    0.000
   -0.000
    0.000
    0.000
    0.000
    0.000
    0.000
    0.000
    0.000
   -0.000
    0.000
   -0.000
    0.000
    0.000
   -0.000
    0.000
    0.000
    0.000
   -0.000
    0.000
    0.000
    0.000
    0.000
    0.000
   -0.000
    0.000
    0.000
    0.000
    0.000
    0.000
    0.000
   -0.000
    0.000
    0.000
    0.000
    0.000
    0.000
    0.000
   -0.000
    0.000
    0.000
    0.000
    0.000
   -0.000
    0.000
   -0.000
   -0.000
    0.000
    0.000
    0.000
    0.000
    0.000
   -0.000
    0.000
    0.000
    0.000
    0.000
    0.000
    0.000
   -0.000
    0.000
   -0.000
    0.000
   -0.000
   -0.000
    0.000
    0.000
    0.000
   -0.000
   -0.000
   -0.000
    0.009
    0.009
    0.014
    0.026
    0.030
    0.033
    0.037
    0.039
    0.040
    0.041
    0.041
    0.042
    0.041
    0.038
    0.038
    0.034
    0.032
    0.032
    0.030
    0.027
    0.027
    0.027
    0.027
    0.027
    0.027
    0.026
    0.025
    0.036
    0.042
    0.048
    0.048
    0.048
    0.048
    0.048
    0.049
    0.049
    0.049
    0.048
    0.048
    0.048
    0.053
    0.051
    0.051
    0.049
    0.049
    0.049
    0.047
    0.047
    0.045
    0.045
    0.044
    0.044
    0.044
    0.044
    0.044
    0.044
    0.043
    0.042
    0.042
    0.042
    0.041
    0.041
    0.041
    0.039
    0.039
    0.039
    0.037
    0.037
    0.036
    0.033
    0.030
    0.029
    0.027
    0.025
    0.023
    0.022
    0.019
    0.018
    0.016
    0.012
    0.008
    0.004
    0.000
    0.000
    0.000
    0.000
    0.000
    0.000
    0.000
    0.000
    0.000
    0.000
    0.000
    0.000
    0.000
    0.000
    0.000
    0.000
    0.000
    0.000
    0.000
    0.000
    0.000
    0.000
    0.000
    0.000
    0.000
    0.000
    0.000
    0.000
    0.000
    0.000
    0.000
    0.000
    0.000
    0.000
    0.000
    0.000
    0.000
    0.000
    0.000
    0.000
    0.000
    0.000
    0.000
    0.000
    0.000
    0.000
    0.000
    0.004
    0.006
    0.006
    0.007
    0.007
    0.004
    0.001
    0.004
    0.005
    0.009
    0.010
    0.010
    0.010
    0.009
    0.009
    0.007
    0.006
    0.006
    0.006
    0.007
    0.006
    0.006
    0.006
    0.006
    0.006
    0.006
    0.006
    0.003
    0.001
    0.000
   -0.000
    0.000
    0.000
    0.000
    0.000
    0.000
   -0.000
   -0.000
    0.000
   -0.000
    0.001
