   0.00000000
   0.00000000
  -1.71746871
  -4.26174447
  -0.09719159
   0.00000000
   0.00000000
   0.00000000
   0.00000000
   0.00000000
   0.00000000
   0.00000000
   0.00000000
   0.00000000
   0.00000000
   0.00000000
   0.00000000
   0.00000000
   0.00000000
   0.00000000
   0.00000000
   0.00000000
   0.00000000
   0.00000000
   0.00000000
   0.00000000
   0.00000000
   0.00000000
   0.00000000
   0.00000000
   0.00000000
   0.00000000
   0.00000000
   0.00000000
   0.00000000
   0.00000000
   0.00000000
   0.00000000
   0.00000000
   0.00000000
   0.00000000
   0.00000000
   0.00000000
   0.00000000
   0.00000000
   0.00000000
   0.00000000
  -0.00143409
  -0.03143622
  -0.00064916
  -0.10632966
  -0.85675689
  -0.89084504
  -0.84833773
  -0.80198969
  -0.71300923
  -0.74105382
  -0.89961376
  -0.84283997
  -0.69505651
  -0.75638223
  -1.06108543
  -1.57405099
  -1.34712001
  -1.03420650
  -0.86883402
  -1.02644405
  -1.06880968
  -1.03100993
  -0.99027534
  -1.05900150
  -1.15983653
  -1.09874284
  -0.89421969
  -1.25098430
  -1.17447813
  -0.72752945
  -0.52223773
  -0.32814080
  -0.22043017
  -0.20434456
  -0.19001342
  -0.20659258
  -0.28036843
  -0.39002444
  -0.46007183
  -0.56098202
  -0.71066498
  -0.77313261
  -0.76730020
  -0.68813700
  -0.71727078
  -0.70442841
  -0.68633095
  -0.63730304
  -0.53504505
  -0.46682475
  -0.49922235
  -0.62303412
  -0.67157128
  -0.69685833
  -0.66607728
  -0.66214200
  -1.22279049
  -1.12449842
  -0.83309733
  -0.68896676
  -0.59050049
  -0.50838748
  -0.44913013
  -0.40648937
  -0.39398513
  -0.44483278
  -0.49566141
  -0.46386694
  -0.44582361
  -0.40905245
  -0.37710782
  -0.38292230
  -0.37258342
  -0.37063888
  -0.36004707
  -0.35733013
  -0.37174619
  -0.38501255
  -0.40753134
  -0.44120241
  -0.49748610
  -0.51226799
  -0.52576763
  -0.52863130
  -0.52147238
  -0.48713980
  -0.46458427
  -0.45456532
  -0.45340715
  -0.86240232
  -1.29503148
  -0.90429193
  -0.65064427
  -0.54144610
  -0.49097386
  -0.46733461
  -0.45682042
  -0.44624631
  -0.43956051
  -0.42103242
  -0.40342359
  -0.41915988
  -0.44722892
  -0.48092537
  -0.44602911
  -0.38531858
  -0.35437799
  -0.29116472
  -0.30465534
  -0.29489631
  -0.27834942
  -0.27863491
  -0.27219891
  -0.28535398
  -0.28861695
  -0.28474845
  -0.29586057
  -0.31869183
  -0.34743014
  -0.36603341
  -0.37050239
  -0.39564212
  -0.41240008
  -0.41425155
  -0.39413981
  -0.35284039
  -0.32067503
  -0.27591946
  -0.22310966
  -0.17936113
  -0.15558446
  -1.39647796
  -1.17411724
  -0.87762968
  -0.59502662
  -0.46527578
  -0.41057622
  -0.36805056
  -0.34710250
  -0.33909816
  -0.33631586
  -0.33390649
  -0.32910473
  -0.33553289
  -0.34028226
  -0.34606595
  -0.34719743
  -0.33636819
  -0.33210531
  -0.33050997
  -0.37330037
  -0.41780030
  -0.40762493
  -0.38247614
  -0.34723803
  -0.31021520
  -0.28718137
  -0.26034321
  -0.24307041
  -0.22927513
  -0.21339171
  -0.20506183
  -0.20133490
  -0.19717618
  -0.20061895
  -0.20880512
  -0.21452944
  -0.21187188
  -0.21649142
  -0.22983168
  -0.24037593
  -0.26718499
  -0.26609173
  -0.26630593
  -0.26190756
  -0.25092063
  -0.23829888
  -0.22455069
  -0.21221614
  -0.20267509
  -0.19447270
  -0.16521442
  -0.06768000
  -0.02991158
  -0.00631033
  -0.00272126
  -3.62962447
  -3.31447296
  -5.23622275
  -5.67295614
  -4.66647447
  -3.30035489
  -3.16315120
  -2.38083985
  -2.01871931
  -1.98382852
  -2.01009228
  -1.53813345
  -1.30269942
  -1.17863468
  -1.09774499
  -1.03634377
  -0.98161513
  -0.92772959
  -0.86444853
  -1.35801822
  -1.02168680
  -0.77738935
  -0.64891875
  -0.60279741
  -0.63763189
  -0.51218018
  -0.31098503
  -0.04504262
   0.00000000
   0.00000000
   0.00000000
   0.00000000
  -0.02376881
  -0.06292432
   0.00000000
   0.00000000
  -0.96991294
  -1.90143102
  -0.99604735
  -0.53072386
   0.00000000
   0.00000000
   0.00000000
   0.00000000
   0.00000000
   0.00000000
  -0.00938338
  -0.00933106
   0.00000000
   0.00000000
   0.00000000
   0.00000000
  -0.02045961
  -0.00009517
   0.00000000
   0.00000000
   0.00000000
   0.00000000
  -0.01664814
  -0.07707021
   0.00000000
   0.00000000
  -0.00424014
   0.00000000
   0.00000000
  -0.00812982
  -0.18643326
   0.00000000
   0.00000000
   0.00000000
   0.00000000
   0.00000000
   0.00000000
   0.00000000
   0.00000000
   0.00000000
   0.00000000
   0.00000000
   0.00000000
   0.00000000
   0.00000000
   0.00000000
   0.00000000
   0.00000000
   0.00000000
   0.00000000
   0.00000000
   0.00000000
   0.00000000
   0.00000000
   0.00000000
   0.00000000
   0.00000000
   0.00000000
   0.00000000
   0.00000000
   0.00000000
   0.00000000
   0.00000000
   0.00000000
   0.00000000
   0.00000000
   0.00000000
   0.00000000
   0.00000000
   0.00000000
   0.00000000
   0.00000000
   0.00000000
   0.00000000
   0.00000000
   0.00000000
   0.00000000
   0.00000000
   0.00000000
   0.00000000
   0.00000000
   0.00000000
   0.00000000
   0.00000000
   0.00000000
   0.00000000
   0.00000000
   0.00000000
   0.00000000
  -2.56495061
  -5.88390997
  -1.71505489
  -2.25438085
  -0.37973721
  -0.04786679
   0.00000000
   0.00000000
  -0.00288657
  -4.50935045
  -4.97255399
  -1.90220189
  -0.99142532
  -0.67021086
  -1.16477789
  -0.98046754
  -0.69063775
  -0.56867128
  -0.59721426
  -0.72440372
  -0.72741231
  -0.65112364
  -0.55738390
  -0.58568466
  -0.73424789
  -0.83424794
  -0.80364367
  -0.76846627
  -0.67041720
  -0.56515545
  -0.49116215
  -0.37591953
  -0.27381255
  -0.24397102
  -0.26431923
  -0.33565547
  -0.41803907
  -0.46590499
  -0.42343001
  -0.33591431
  -0.25698447
