    0.000
    0.000
    0.003
    0.002
    0.000
   -0.000
    0.000
    0.000
   -0.000
   -0.000
   -0.000
   -0.000
   -0.000
   -0.000
    0.000
    0.001
    0.001
    0.001
   -0.000
   -0.000
   -0.000
   -0.000
   -0.000
    0.000
    0.000
   -0.000
   -0.000
   -0.000
   -0.000
   -0.000
   -0.000
   -0.000
    0.000
    0.000
   -0.000
   -0.000
    0.000
    0.000
   -0.000
   -0.000
    0.000
    0.000
    0.000
    0.001
    0.002
    0.004
    0.005
    0.005
    0.003
    0.002
   -0.000
    0.000
    0.000
    0.001
    0.001
   -0.000
    0.000
    0.001
    0.002
    0.002
    0.002
    0.003
   -0.001
   -0.000
    0.001
    0.002
   -0.002
   -0.001
    0.000
    0.001
   -0.002
   -0.001
    0.000
   -0.003
   -0.001
   -0.002
   -0.000
    0.000
    0.001
    0.001
   -0.002
   -0.002
   -0.000
    0.000
    0.001
    0.001
   -0.002
   -0.001
   -0.000
    0.001
    0.001
    0.002
   -0.002
   -0.002
   -0.005
   -0.003
   -0.001
   -0.008
   -0.005
   -0.001
   -0.000
    0.000
    0.001
    0.001
   -0.003
   -0.002
   -0.001
    0.000
    0.000
   -0.003
   -0.002
   -0.004
   -0.006
   -0.002
   -0.000
    0.000
    0.000
   -0.007
   -0.004
   -0.001
   -0.000
    0.000
    0.001
    0.001
    0.002
    0.002
   -0.002
   -0.002
   -0.001
   -0.000
   -0.004
   -0.004
   -0.002
   -0.001
    0.000
   -0.004
   -0.003
   -0.006
   -0.004
   -0.006
   -0.004
   -0.001
   -0.000
    0.000
   -0.004
   -0.003
   -0.002
   -0.001
    0.000
   -0.013
   -0.011
   -0.005
   -0.002
   -0.001
   -0.004
   -0.004
   -0.002
   -0.001
   -0.000
   -0.009
   -0.008
   -0.004
   -0.002
   -0.001
   -0.000
    0.000
    0.001
   -0.004
   -0.004
   -0.007
   -0.006
   -0.003
   -0.007
   -0.005
   -0.003
   -0.001
   -0.005
   -0.004
   -0.002
   -0.005
   -0.004
   -0.002
   -0.006
   -0.005
   -0.003
   -0.002
   -0.001
   -0.000
    0.000
   -0.004
   -0.005
   -0.003
   -0.002
   -0.001
   -0.000
    0.000
   -0.006
   -0.005
   -0.003
   -0.002
   -0.001
   -0.006
   -0.006
   -0.014
   -0.019
   -0.015
   -0.010
   -0.007
   -0.004
   -0.003
   -0.006
   -0.006
   -0.004
   -0.002
   -0.001
   -0.001
   -0.000
   -0.010
   -0.010
   -0.012
   -0.010
   -0.011
   -0.014
   -0.011
   -0.007
   -0.004
   -0.008
   -0.016
   -0.019
   -0.014
   -0.009
   -0.006
   -0.003
   -0.002
   -0.001
   -0.000
   -0.005
   -0.004
   -0.002
   -0.001
   -0.001
   -0.010
   -0.014
   -0.011
   -0.021
   -0.018
   -0.012
   -0.017
   -0.018
   -0.013
   -0.007
   -0.004
   -0.002
   -0.001
   -0.005
   -0.004
   -0.002
   -0.001
   -0.001
   -0.000
   -0.000
    0.000
   -0.004
   -0.004
   -0.002
   -0.001
   -0.000
   -0.000
    0.000
    0.000
    0.000
    0.020
    0.039
    0.052
    0.064
    0.077
    0.089
    0.097
    0.103
    0.107
    0.113
    0.119
    0.130
    0.143
    0.156
    0.168
    0.177
    0.177
    0.179
    0.182
    0.200
    0.216
    0.221
    0.219
    0.217
    0.216
    0.216
    0.212
    0.210
    0.208
    0.206
    0.205
    0.205
    0.204
    0.203
    0.203
    0.203
    0.201
    0.200
    0.194
    0.189
    0.186
    0.183
    0.181
    0.179
    0.177
    0.175
    0.174
    0.173
    0.172
    0.170
    0.169
    0.168
    0.166
    0.166
    0.164
    0.164
    0.163
    0.162
    0.160
    0.158
    0.156
    0.154
    0.151
    0.149
    0.148
    0.147
    0.144
    0.142
    0.141
    0.140
    0.139
    0.136
    0.133
    0.128
    0.127
    0.124
    0.121
    0.118
    0.115
    0.113
    0.115
    0.111
    0.111
    0.100
    0.108
    0.110
    0.108
    0.108
    0.107
    0.107
    0.106
    0.106
    0.094
    0.046
    0.047
    0.048
    0.048
    0.048
    0.047
    0.046
    0.040
    0.039
    0.032
    0.029
    0.029
    0.029
    0.029
    0.028
    0.027
    0.027
    0.027
    0.027
    0.027
    0.028
    0.015
    0.007
    0.005
   -0.022
   -0.023
   -0.022
   -0.022
   -0.022
   -0.022
   -0.039
   -0.050
   -0.050
   -0.050
   -0.050
