            0.0     0.00000     0.00000     0.00000    34.00000
       422691.8     0.00002     0.00000     0.00000    33.96267
     -7006326.7     0.01061     0.06784     0.06606    28.44540
    -10203521.1     0.02764     0.11658     0.09048    24.23263
    -12157620.2     0.03365     0.14809     0.10009    23.79044
    -17521929.6     0.05165     0.18821     0.12897    21.55816
    -26506422.4     0.06861     0.19723     0.14432    18.86670
    -28832407.4     0.07734     0.19805     0.14655    17.03803
    -35944921.0     0.09049     0.23441     0.16131    16.11399
    -37093895.6     0.10303     0.25920     0.18361    16.03020
    -37521959.3     0.10637     0.27156     0.19323    16.37140
    -38119434.1     0.10995     0.28183     0.20038    16.42146
    -38602559.6     0.11067     0.28136     0.19977    16.24632
    -41483312.3     0.11334     0.27596     0.19862    15.65879
    -45646732.1     0.11868     0.27493     0.20106    14.93583
    -48909340.8     0.12496     0.28685     0.20790    14.47305
    -51738933.5     0.13203     0.29114     0.21396    13.92953
    -53068690.0     0.13877     0.31408     0.22723    14.10755
    -53717119.9     0.14703     0.33441     0.23498    13.75378
    -53293703.7     0.14945     0.34019     0.23966    13.82577
    -53832804.3     0.15180     0.34676     0.24527    13.98319
    -55493170.6     0.15354     0.34891     0.24882    14.04118
    -58127322.5     0.15685     0.34927     0.25195    13.83558
    -61175687.8     0.16093     0.35219     0.25560    13.55632
    -63012071.2     0.16596     0.36630     0.25929    13.19808
    -62786031.5     0.17024     0.37078     0.26076    12.78828
    -63239337.9     0.17484     0.37928     0.26777    12.78530
    -63794114.9     0.17696     0.38425     0.27271    12.92251
    -64786214.6     0.17866     0.38832     0.27719    13.07042
    -67465758.8     0.18145     0.39036     0.28155    13.06063
    -69601323.4     0.18501     0.39614     0.28627    12.98352
    -72562843.0     0.19005     0.41026     0.28788    12.53039
    -74925738.2     0.19495     0.41147     0.28972    12.08786
    -77089067.1     0.19976     0.41504     0.29550    11.95535
    -79416865.6     0.20565     0.43820     0.30471    12.00675
    -82095360.9     0.21275     0.44729     0.31287    11.85455
    -85491144.0     0.21843     0.45184     0.32060    11.76973
    -86758162.5     0.22487     0.47391     0.33153    11.85432
    -88571924.0     0.23492     0.49092     0.34272    11.64859
    -91894322.2     0.24058     0.49636     0.35038    11.60264
    -96036418.6     0.24543     0.50200     0.35780    11.57643
    -98610686.3     0.25188     0.51904     0.36237    11.28139
   -102575458.7     0.25875     0.52614     0.36843    11.04656
   -107384802.1     0.26576     0.54265     0.37867    10.99291
   -111939299.0     0.27416     0.54135     0.38850    10.77514
   -117811341.2     0.28435     0.55302     0.40425    10.71911
   -121246739.4     0.29560     0.57155     0.42240    10.77318
   -125763710.6     0.30588     0.57359     0.43297    10.50052
   -128630633.2     0.31911     0.62090     0.44619    10.38544
   -130782575.9     0.32946     0.65494     0.45867    10.34782
   -133237727.5     0.33971     0.68174     0.46677    10.16685
   -134522300.1     0.34612     0.68959     0.47616    10.17846
   -136497843.4     0.35265     0.70327     0.48410    10.08683
   -139730281.3     0.35694     0.70111     0.48678     9.90092
   -141883251.5     0.36158     0.70509     0.49280     9.87442
   -145230824.1     0.36862     0.73728     0.50390    10.01646
   -148156515.5     0.37408     0.73457     0.50704     9.76913
   -151783126.6     0.37924     0.73493     0.51449     9.74813
   -153938295.6     0.38594     0.74984     0.52494     9.76765
   -156145591.4     0.39249     0.75384     0.53086     9.62059
   -160730700.7     0.39864     0.77081     0.54397     9.80437
   -164183557.0     0.40501     0.76364     0.54814     9.52677
   -170979291.1     0.41703     0.81822     0.56020     9.58956
   -175847777.7     0.42786     0.83906     0.57144     9.43064
   -178068743.6     0.43595     0.85379     0.58708     9.57212
   -181436217.0     0.44375     0.84850     0.59413     9.36183
   -186685631.2     0.45695     0.91212     0.60873     9.44485
   -191647908.5     0.46667     0.91282     0.62056     9.33274
   -194429368.4     0.47468     0.92443     0.63408     9.37575
   -197976455.4     0.48149     0.92020     0.64154     9.25504
   -204474381.3     0.49474     0.98293     0.65515     9.28925
   -208971329.8     0.50455     0.98669     0.66753     9.21560
   -209577914.1     0.51277     0.99602     0.68059     9.22030
   -212980208.5     0.52533     1.03796     0.69228     9.18034
   -216406930.6     0.53738     1.04720     0.71030     9.14473
   -217915413.9     0.54966     1.07780     0.72154     9.04755
   -219090506.5     0.56195     1.08644     0.74105     9.03958
   -218716716.5     0.57032     1.08474     0.74437     8.72923
   -219893227.4     0.57955     1.08514     0.74925     8.43640
   -220810867.5     0.58478     1.08607     0.75340     8.31844
   -222647660.0     0.59384     1.12219     0.76220     8.32717
   -227599698.8     0.60487     1.15025     0.77849     8.40173
   -229808103.3     0.61397     1.14234     0.78657     8.19722
   -232599577.1     0.62091     1.14011     0.78856     7.92551
   -234487657.2     0.62465     1.13714     0.78964     7.77128
   -236864493.1     0.62580     1.13437     0.79048     7.73139
   -243427185.5     0.63265     1.17865     0.79370     7.70886
   -247411520.3     0.63745     1.18100     0.80160     7.73318
   -250716159.7     0.64027     1.17686     0.80718     7.74815
   -251982075.2     0.64413     1.18789     0.81269     7.74051
   -255204806.3     0.64829     1.18237     0.81423     7.58375
   -258070014.1     0.65238     1.17976     0.81888     7.53473
   -261034197.3     0.66231     1.23612     0.82898     7.64180
   -264155063.2     0.67049     1.25820     0.83806     7.61085
   -265760207.5     0.68047     1.29557     0.84696     7.60647
   -267965711.2     0.68801     1.29668     0.86446     7.78660
   -269646620.8     0.69298     1.29064     0.87119     7.71107
   -277100763.1     0.70744     1.37259     0.88082     7.72213
   -281262845.7     0.71676     1.36943     0.90122     7.88138
   -283924298.4     0.72131     1.35837     0.91246     7.91741
   -285193841.6     0.72490     1.34831     0.91559     7.82691
   -287221841.1     0.72817     1.34626     0.91972     7.80732
   -289705064.4     0.73169     1.34807     0.92671     7.86344
   -291888684.8     0.73606     1.36039     0.93367     7.88530
   -294682779.9     0.74519     1.40631     0.93648     7.78711
   -297732465.7     0.75149     1.41174     0.94534     7.79677
   -299261168.4     0.75553     1.40579     0.95553     7.88197
   -299709020.0     0.76030     1.41480     0.96171     7.85744
   -300302342.1     0.76398     1.41177     0.96451     7.78501
   -303277529.3     0.77287     1.45907     0.97177     7.81513
   -305724583.4     0.77944     1.46342     0.98649     7.94764
   -309332379.9     0.78920     1.50464     0.99412     7.89433
   -314185527.9     0.80054     1.53668     1.00677     7.90697
   -316334305.9     0.80645     1.51900     1.02114     7.97682
   -318678695.2     0.81016     1.51006     1.03094     8.04378
   -319843322.8     0.81516     1.51978     1.03609     7.99088
   -320753253.2     0.81812     1.51610     1.03725     7.90808
   -326753517.3     0.83144     1.60161     1.04426     7.90282
   -331339606.6     0.83967     1.59321     1.06189     7.99087
   -333510734.7     0.84470     1.57628     1.07317     8.01485
   -335185567.1     0.85002     1.58392     1.07893     7.95773
   -336416141.4     0.85297     1.57976     1.07977     7.86904
   -338884220.0     0.85543     1.57670     1.08164     7.82269
   -340790642.1     0.85796     1.57565     1.08523     7.81920
   -342312482.8     0.86076     1.57711     1.09081     7.85714
   -344696043.9     0.86421     1.59147     1.09832     7.92088
   -349185460.6     0.87316     1.63916     1.09972     7.81496
   -352340007.8     0.87879     1.64659     1.10537     7.78059
   -354304113.6     0.88197     1.63853     1.11163     7.79077
   -356194781.6     0.88554     1.63932     1.11960     7.84950
   -359481177.5     0.89535     1.69880     1.12615     7.83257
   -361269016.5     0.90148     1.70145     1.13270     7.78775
   -362650798.5     0.90495     1.68938     1.13999     7.79857
   -364163880.8     0.90881     1.68819     1.14914     7.86695
   -365718133.8     0.91348     1.69767     1.15433     7.83120
   -368795173.0     0.92224     1.74262     1.15812     7.78059
   -371129534.5     0.92824     1.74682     1.16773     7.80940
   -374699776.7     0.93762     1.78551     1.17983     7.88514
   -377191851.9     0.94507     1.79221     1.19111     7.87722
   -380627565.7     0.95390     1.82010     1.19820     7.83938
   -383742739.0     0.95998     1.81273     1.20938     7.86098
   -386214897.5     0.96601     1.80122     1.22006     7.85909
   -388415179.9     0.97179     1.80892     1.22716     7.82259
   -390033550.5     0.97543     1.80404     1.22850     7.73266
   -393252599.2     0.98350     1.84973     1.23198     7.70068
   -395708398.0     0.98883     1.85425     1.24056     7.72752
   -397106886.1     0.99187     1.84515     1.24922     7.78196
   -398710119.7     0.99571     1.85302     1.25613     7.79895
   -399270216.9     0.99882     1.84793     1.25746     7.72500
   -408024578.1     1.01793     1.98939     1.26485     7.72050
   -413069030.2     1.02911     1.99646     1.28536     7.80920
   -412927332.1     1.03377     1.95921     1.30199     7.88041
   -414866045.4     1.04010     1.95062     1.31083     7.81821
   -414974080.5     1.04755     1.94149     1.31599     7.68408
   -421469762.1     1.05853     1.98543     1.32211     7.61517
   -424921678.8     1.06731     1.98859     1.33278     7.57721
   -424038345.0     1.07116     1.98603     1.33723     7.51762
   -426200445.3     1.07385     1.97631     1.33828     7.44099
   -427086698.5     1.07624     1.97397     1.34229     7.44908
   -431916872.0     1.08943     2.06882     1.34701     7.43366
   -435596307.1     1.09700     2.07685     1.36000     7.48706
   -436745446.6     1.09974     2.05198     1.37120     7.55018
   -438767417.9     1.10360     2.04263     1.38160     7.60545
   -440808036.8     1.10925     2.04589     1.38592     7.51996
   -443388954.6     1.11385     2.04133     1.38846     7.43579
   -444884495.7     1.11696     2.03942     1.39108     7.39875
   -445396099.9     1.11925     2.03926     1.39473     7.40514
   -448606978.6     1.12717     2.09272     1.40078     7.44160
   -452667162.3     1.13285     2.11406     1.40914     7.46918
   -455060135.9     1.14118     2.14951     1.41299     7.41361
   -457138016.9     1.14619     2.14789     1.41982     7.40035
   -456535504.5     1.14872     2.13119     1.42651     7.41177
   -457637177.6     1.15692     2.17311     1.43501     7.45519
   -458885059.9     1.16246     2.17658     1.44763     7.53648
   -460719182.5     1.16610     2.16946     1.45438     7.51896
   -461833136.2     1.16957     2.15772     1.45795     7.46623
   -465347356.0     1.17936     2.20118     1.46378     7.42899
   -467661160.5     1.18653     2.20337     1.47399     7.42757
   -469504376.4     1.19208     2.19362     1.48329     7.41951
   -472906028.8     1.20385     2.24751     1.49036     7.35552
   -475249582.1     1.21009     2.24529     1.49632     7.29758
   -477193217.1     1.21382     2.22902     1.50071     7.24219
   -481253059.1     1.22282     2.26983     1.50582     7.20747
   -484029425.5     1.22788     2.27097     1.51367     7.21823
   -485868528.0     1.23049     2.25754     1.52049     7.23588
   -487835411.3     1.23311     2.25184     1.52679     7.26119
   -489525898.2     1.23586     2.25511     1.52732     7.18793
   -491386496.5     1.23800     2.24965     1.52759     7.12928
   -492027712.1     1.23996     2.24946     1.53130     7.14548
   -495150622.3     1.24736     2.29945     1.53374     7.12765
   -498337820.7     1.25188     2.31022     1.53971     7.14416
   -501307993.6     1.25411     2.30130     1.54608     7.17463
   -503679820.6     1.25660     2.29771     1.55283     7.21456
   -504199662.8     1.25972     2.30764     1.55907     7.23950
   -504992082.1     1.26251     2.30246     1.55987     7.17668
   -505983328.1     1.26475     2.29922     1.56121     7.14048
   -510739268.4     1.27439     2.36809     1.56487     7.13466
   -511251951.1     1.27755     2.36311     1.57187     7.16228
   -513094190.3     1.28036     2.35721     1.57979     7.20870
   -515287423.7     1.28389     2.36352     1.58631     7.22171
   -516822967.9     1.28668     2.35578     1.58796     7.16931
   -519087191.4     1.29466     2.40367     1.59123     7.14863
   -521102560.5     1.29969     2.41473     1.59799     7.16629
   -526228072.1     1.31367     2.51072     1.60769     7.21405
   -531365286.2     1.32786     2.59152     1.62388     7.29579
   -533986519.9     1.33398     2.56776     1.63438     7.26579
   -535333308.5     1.33673     2.52955     1.64368     7.26245
   -536123878.5     1.33960     2.50411     1.65243     7.27662
   -537294964.0     1.34392     2.48999     1.66182     7.29182
   -538425563.3     1.34967     2.49574     1.67223     7.30947
   -541381160.7     1.36164     2.53843     1.67670     7.20874
   -543813552.9     1.36886     2.54047     1.68308     7.15148
   -545701054.5     1.37383     2.52579     1.68914     7.10304
   -546693643.9     1.37909     2.51813     1.69524     7.06353
   -546965643.6     1.38284     2.51488     1.70088     7.05834
   -548588952.4     1.38650     2.52346     1.70518     7.04148
   -549590306.4     1.38989     2.51840     1.70561     6.96703
   -555436433.2     1.40337     2.61840     1.70815     6.92825
   -556895610.7     1.41017     2.63499     1.71616     6.93581
   -559951266.2     1.41773     2.66262     1.72489     6.96137
   -562979889.1     1.42232     2.65539     1.73588     7.00936
   -566073032.1     1.43089     2.68581     1.74744     7.05752
   -569473699.1     1.44296     2.74243     1.76187     7.10509
   -571411719.1     1.44927     2.72307     1.77147     7.07158
   -572918460.8     1.45460     2.69334     1.77971     7.01786
   -574500992.9     1.46208     2.67595     1.78747     6.93819
   -577963045.3     1.47525     2.71791     1.79556     6.86599
   -582467815.2     1.49311     2.82256     1.80659     6.86419
   -585165259.0     1.50537     2.87242     1.82228     6.93067
   -583647695.5     1.50988     2.84733     1.83203     6.90618
   -584795624.5     1.51157     2.80508     1.84054     6.90832
   -583691080.4     1.51320     2.77956     1.84979     6.95667
   -581671996.9     1.51483     2.76078     1.85417     6.94908
   -582835340.4     1.51637     2.74998     1.85821     6.95400
   -584647885.2     1.51829     2.74472     1.86225     6.96268
   -586582398.2     1.52402     2.74458     1.86778     6.92521
   -590226226.8     1.53942     2.79704     1.87615     6.83531
   -592619086.1     1.55152     2.81271     1.88648     6.74934
   -593968639.1     1.56071     2.79978     1.89158     6.61368
   -595159563.1     1.56886     2.79275     1.89471     6.48298
   -595212699.7     1.57511     2.78858     1.89633     6.37483
   -598370278.0     1.58891     2.88669     1.89884     6.32836
   -603082689.1     1.60003     2.94514     1.90773     6.34358
   -604989630.7     1.60317     2.92232     1.91696     6.36290
   -611474219.7     1.62075     3.04357     1.92711     6.38987
   -615535724.4     1.62873     3.03777     1.94396     6.45071
   -615985946.9     1.62953     2.98402     1.95584     6.49209
   -620726645.3     1.64157     3.05071     1.96680     6.53247
   -624023720.1     1.65283     3.08713     1.98294     6.59854
   -624468587.9     1.65611     3.04971     1.99791     6.66229
   -624721345.9     1.65699     3.01111     2.00824     6.70811
   -625178661.7     1.65786     2.98820     2.01546     6.74251
   -625892546.6     1.65871     2.97529     2.02076     6.77050
   -626176270.2     1.65954     2.96872     2.02491     6.79518
   -628034800.6     1.66681     3.02147     2.02593     6.75234
   -628585049.5     1.67025     3.01879     2.03141     6.75310
   -626580293.9     1.67111     3.00275     2.03465     6.74940
   -626348481.8     1.67187     2.99367     2.03640     6.74162
   -626337550.6     1.67259     2.98851     2.03731     6.73111
   -626206092.1     1.67342     2.98564     2.03772     6.71788
   -625977345.3     1.67414     2.98811     2.04164     6.75928
   -625763802.9     1.67480     2.98801     2.04237     6.75644
   -627331401.8     1.68109     3.01091     2.04529     6.76678
   -627914251.2     1.68409     2.99805     2.05205     6.79645
   -627865875.4     1.68471     2.98548     2.05651     6.81821
   -628048899.1     1.68532     2.97999     2.05957     6.83561
   -628050759.0     1.68592     2.97818     2.06195     6.85129
   -627877065.5     1.68651     2.97835     2.06402     6.86649
   -626220767.7     1.68710     2.97976     2.06594     6.88174
   -621955603.7     1.68767     2.98181     2.06785     6.89741
   -615834542.1     1.68823     2.98393     2.06980     6.91357
   -611018368.9     1.68882     2.75461     2.06720     6.48050
   -606858361.7     1.68930     2.58047     2.09218     6.53496
   -603847500.8     1.69107     2.46375     2.11589     6.61382
   -601172516.8     1.69195     2.35865     2.12439     6.53361
   -598088869.8     1.69242     2.23203     2.13919     6.50709
   -595550699.0     1.69164     2.12391     2.14557     6.42188
   -593703640.8     1.69041     2.03573     2.14552     6.30594
   -592666209.1     1.69406     1.96332     2.15580     6.29058
   -592532587.3     1.69936     1.88869     2.16146     6.22204
   -591723911.2     1.69959     1.82246     2.16301     6.14992
   -589961301.8     1.69784     1.77346     2.16643     6.12762
   -587455480.5     1.69536     1.69616     2.17750     6.14293
   -584468853.4     1.69129     1.59614     2.18656     6.10497
   -581836571.5     1.68753     1.50958     2.19320     6.06030
   -578973851.1     1.68354     1.42515     2.20050     6.01846
   -577617937.7     1.68054     1.37160     2.20467     5.98531
   -576792170.7     1.67972     1.36257     2.19745     5.91052
   -577411657.1     1.67897     1.35410     2.19872     5.90645
   -575083950.5     1.67809     1.33211     2.20147     5.89887
   -571636720.0     1.67345     1.25815     2.22144     5.95667
   -567911239.7     1.66856     1.21027     2.23364     5.93317
   -562691171.9     1.66356     1.20465     2.23163     5.89879
   -559930136.2     1.65560     1.19543     2.21940     5.88044
   -557065462.2     1.65180     1.19362     2.21239     5.87342
   -554039438.6     1.64737     1.19472     2.20721     5.88914
   -551456354.0     1.64361     1.19687     2.20396     5.89954
   -547008740.7     1.63769     1.20341     2.19142     5.89498
   -541227228.3     1.63137     1.19988     2.17576     5.91128
   -536398205.1     1.62353     1.19909     2.16378     5.90279
   -532352891.3     1.61702     1.19927     2.15329     5.90079
   -528604689.3     1.61099     1.20304     2.14522     5.90254
   -525658452.6     1.60644     1.20910     2.14015     5.90738
   -523255072.3     1.60215     1.20533     2.13438     5.91382
   -520920596.0     1.59882     1.20839     2.12960     5.92097
   -519161530.5     1.59467     1.19619     2.12496     5.92579
   -515669145.5     1.59004     1.21060     2.12152     5.95265
   -510646218.2     1.58169     1.20843     2.10789     5.92698
   -506650023.3     1.57671     1.20516     2.09646     5.86450
   -501514531.9     1.54944     1.12137     2.03909     5.57029
   -494933757.0     1.52858     1.07965     1.99113     5.28749
   -488171936.9     1.51002     1.04886     1.95078     5.03978
   -481465006.0     1.49375     1.02409     1.91526     4.81364
   -476293887.2     1.48282     1.00714     1.88994     4.63814
   -471351022.0     1.47311     0.99343     1.86774     4.48054
   -466309222.8     1.46325     0.98124     1.84656     4.33155
   -461794864.4     1.45472     0.97113     1.82846     4.20776
   -457684892.2     1.44706     0.96247     1.81254     4.10348
   -454631979.4     1.44056     0.95564     1.80047     4.02061
   -450920254.1     1.43349     0.94822     1.78642     3.92669
   -447335937.7     1.42678     0.94218     1.77397     3.85704
   -447699943.4     1.41985     0.93123     1.76206     3.78998
   -444486415.1     1.41270     0.92834     1.75372     3.78996
   -440317557.0     1.40331     0.92375     1.74164     3.78670
   -436949562.1     1.39576     0.92102     1.73282     3.77663
   -434691656.1     1.38827     0.91475     1.72169     3.76094
   -435516618.9     1.38497     0.90813     1.71620     3.74466
   -431600388.7     1.37729     0.90653     1.70782     3.75318
   -427572179.8     1.36776     0.90332     1.69706     3.76093
   -422948385.9     1.35840     0.89769     1.68412     3.75403
   -416725374.5     1.34514     0.89230     1.66766     3.74732
   -409579005.3     1.32991     0.88495     1.64777     3.73174
   -400924751.7     1.31152     0.87465     1.62241     3.68905
   -393703417.3     1.29643     0.86399     1.59911     3.62377
   -388261898.2     1.28508     0.85626     1.58153     3.57743
   -383266699.5     1.27591     0.84405     1.56103     3.45030
   -378058803.9     1.26548     0.83743     1.54501     3.36903
   -371468049.3     1.24884     0.82770     1.52275     3.29304
   -365514120.1     1.22992     0.81484     1.49868     3.21881
   -362324271.3     1.21953     0.80588     1.48432     3.18008
   -359484379.1     1.20968     0.79942     1.47161     3.14320
   -355440715.2     1.19805     0.78738     1.45363     3.07582
   -349897137.5     1.17996     0.77157     1.42806     2.99209
   -341378016.8     1.15466     0.75053     1.39120     2.82816
   -331350905.7     1.12669     0.72574     1.34798     2.61842
   -327034173.5     1.11475     0.71353     1.32815     2.50399
   -320863590.0     1.09807     0.70110     1.30407     2.36980
   -312940718.5     1.08067     0.69341     1.27169     2.17577
   -304809761.7     1.06644     0.67748     1.24088     1.97303
   -297713524.2     1.05035     0.66648     1.21618     1.81124
   -294980693.8     1.04452     0.67474     1.20671     1.73600
   -292364815.8     1.04744     0.67253     1.20755     1.67082
   -289471307.6     1.03807     0.67380     1.19856     1.71719
   -285598615.3     1.02625     0.66460     1.18411     1.67934
   -286139656.7     1.03045     0.75382     1.17426     1.62721
   -284041265.9     1.02778     0.67780     1.17329     1.53535
   -280665243.2     1.01290     0.65762     1.16425     1.58350
   -279837457.7     1.00590     0.64937     1.15396     1.55326
   -286752162.1     1.00231     0.63793     1.14759     1.52237
   -289258691.4     0.99044     0.59694     1.12376     1.21147
   -290373167.3     0.98974     0.60337     1.12376     1.21147
   -291138384.3     0.98901     0.60809     1.12376     1.21147
   -291819243.5     0.98844     0.61476     1.12376     1.21147
   -296802314.9     0.99952     0.73842     1.12376     1.21147
   -312395417.6     1.04651     1.22570     1.12376     1.21147
   -310911296.9     1.05533     1.11951     1.12977     1.20601
   -312405143.5     1.05445     1.10879     1.13079     1.20509
   -315531972.6     1.05331     1.10906     1.13079     1.20509
   -315682258.3     1.05253     1.11300     1.13079     1.20509
   -315913178.4     1.05271     1.12620     1.13079     1.20509
   -316657281.4     1.04665     1.09214     1.11079     0.99339
   -319102813.3     1.05104     1.15070     1.11079     0.99339
   -321162882.0     1.05061     1.15955     1.11079     0.99339
   -324233156.0     1.05699     1.23614     1.11079     0.99339
   -327088998.9     1.05841     1.26186     1.11079     0.99339
   -329541211.1     1.05745     1.26189     1.11079     0.99339
   -332860808.2     1.05658     1.26122     1.11079     0.99339
   -333845968.9     1.05595     1.26286     1.11079     0.99339
   -334290983.0     1.05616     1.27143     1.11079     0.99339
   -335865914.5     1.05749     1.29094     1.11079     0.99105
   -338203697.7     1.05726     1.29419     1.11079     0.98875
   -341214142.7     1.05680     1.29426     1.11079     0.98629
   -344308488.0     1.05638     1.29398     1.11079     0.98313
   -345993729.5     1.05608     1.29421     1.11079     0.97915
   -348449895.0     1.05571     1.29314     1.11079     0.97472
   -352717648.2     1.06575     1.38786     1.09202     0.80624
   -357424390.8     1.07320     1.47618     1.09079     0.78801
   -359527753.8     1.07387     1.49565     1.09079     0.78404
   -368847460.2     1.09937     1.76608     1.09079     0.78007
   -370905863.4     1.09946     1.77789     1.09079     0.77620
   -372661119.5     1.09818     1.77522     1.09079     0.77241
   -374819387.7     1.09701     1.77303     1.09079     0.76838
   -376966392.8     1.09596     1.77127     1.09079     0.76363
   -378851403.3     1.09564     1.77587     1.09079     0.75782
   -385739210.8     1.11199     1.94874     1.09079     0.75095
   -403699688.4     1.16170     2.20357     1.19554     2.65235
   -406462765.5     1.16491     2.21049     1.20409     2.79580
   -413699418.1     1.18723     2.29381     1.26426     3.78173
   -413571366.8     1.19106     2.30284     1.27469     3.94251
