   0.00000000
   0.00000000
   0.77140215
   2.76550480
   0.20009487
   0.00000000
   1.31629460
   2.07119271
   2.27644486
   1.91633110
   0.73505074
   0.17806840
   0.00002366
   0.35723433
   0.94184138
   2.19165850
   2.20987520
   2.18893540
   1.95272006
   1.19349421
   0.72922946
   0.50953374
   0.77575211
   1.36887477
   2.07169052
   1.84176583
   1.33368791
   0.98228023
   0.79884701
   0.95557770
   1.33853266
   2.01551378
   1.86683363
   1.74340975
   1.83814132
   2.15033407
   1.83941104
   2.12214805
   2.03409560
   1.59862291
   1.61838280
   2.27658663
   2.04451279
   2.13926455
   2.50235304
   2.64144077
   2.65287857
   2.60202598
   2.70221776
   2.35613550
   2.39037462
   1.95939751
   2.16669242
   1.89984865
   1.82904252
   2.02905282
   2.13265904
   1.90369637
   2.28683922
   2.12936401
   2.11868096
   2.33615478
   2.18263587
   2.55666889
   2.38337378
   2.45339710
   2.43800071
   2.32316646
   2.47048665
   2.27477244
   2.47766182
   2.29674596
   2.53586790
   2.24119547
   2.49043243
   2.07692199
   2.12477126
   2.10413600
   1.80556887
   1.47741298
   1.37290725
   1.64213266
   1.61852111
   1.31002737
   1.07176442
   1.07438496
   1.22168769
   1.39568519
   1.56775017
   1.86563266
   1.90711607
   1.72294409
   1.74911688
   2.17474995
   1.88330609
   1.88729966
   2.17546634
   1.76988240
   1.71659685
   2.00973376
   1.80804784
   1.63148255
   1.62031028
   1.93218885
   1.84301399
   1.70260122
   1.70442617
   2.04076896
   1.77929318
   1.64982006
   1.68621005
   2.01014067
   1.67099583
   1.57133981
   1.54515590
   1.85716594
   1.63147346
   1.48054357
   1.48216617
   1.51140848
   1.80530055
   1.64414338
   1.48140186
   1.43176617
   1.45135163
   1.62681130
   1.81075013
   1.59976887
   1.55372751
   1.58638580
   1.94830135
   1.75688288
   1.64957181
   1.65661523
   1.99153875
   1.72489523
   1.62972216
   1.63848436
   1.97642187
   1.71540411
   1.59651969
   1.58743226
   1.86011433
   1.75314182
   1.55584779
   1.50233061
   1.51671449
   1.79188635
   1.70137949
   1.53970112
   1.55760493
   1.56941820
   1.91916187
   1.70547881
   1.57356451
   1.54837813
   1.61863717
   1.68128752
   1.47098139
   1.38638705
   1.37737605
   1.41056080
   1.45909468
   1.85044906
   1.54539423
   1.43094992
   1.39164771
   1.39337007
   1.65049107
   1.62755733
   1.44581229
   1.39201361
   1.39772405
   1.43582699
   1.80343100
   1.54510755
   1.43722055
   1.40656744
   1.40677469
   1.75178417
   1.57515103
   1.41334974
   1.31035200
   1.27187635
   1.27548781
   1.28514694
   1.56226804
   1.40640141
   1.26794499
   1.21207947
   1.20867777
   1.24502117
   1.29484568
   1.53379994
   1.57115586
   1.38294264
   1.33295433
   1.34554878
   1.37611824
   1.67492560
   1.59226607
   1.44380181
   1.40535685
   1.42494577
   1.59777942
   1.77505431
   1.53631323
   1.46025595
   1.45013992
   1.56120811
   1.82579906
   1.57446695
   1.47810483
   1.42496390
   1.39135144
   1.62779846
   1.59498688
   1.38216811
   1.29214474
   1.26062901
   1.27221879
   1.30920197
   1.50674844
   1.62179846
   1.41712566
   1.35022509
   1.30827034
   1.26644021
   1.28363151
   1.55824627
   1.24856026
   1.14058545
   1.16324801
   1.09764405
   1.07973572
   1.14467512
   1.13208195
   1.38556131
   1.32977142
   1.12857816
   0.99345063
   0.89099204
   0.88593603
   0.87680747
   0.84515569
   0.82183460
   0.80806623
   0.79919424
   0.80092333
   0.80465234
   0.80625274
   0.80667429
   0.80618723
   0.80536947
   1.21665260
   0.98901639
   0.80461199
   0.71119469
   0.65966986
   0.69631395
   0.68958011
   0.64506307
   0.61924660
   0.60489891
   0.59811557
   0.59590303
   0.59605141
   0.59701322
   0.59770103
   0.59739367
   0.59568175
   0.08208572
   0.05538750
   1.51295992
   1.36963316
   2.34021403
   1.92438367
   1.21387446
   1.38971081
   1.29070604
   0.73506375
   0.48130821
   0.69656323
   1.32228865
   0.98354542
   0.91493232
   0.54068722
   0.00017181
   0.00000000
   0.00000000
   0.78782509
   0.95047927
   0.88689435
   1.46576093
   0.44475027
   0.52646228
   0.37995280
   0.69623018
   0.59321109
   0.96816409
   0.68779846
   0.55023884
   0.35108128
   0.26665699
   0.14895212
   0.30006006
   0.30105375
   0.67286321
   0.07505284
   0.83539527
   0.53418164
   0.46723136
   0.38218297
   0.14271718
   0.09117428
   0.14205130
   0.14032848
   0.14339321
   0.14566111
   0.11855917
   0.17757730
   0.25105225
   0.58100337
   0.84139169
   0.59428613
   0.52573534
   0.12806697
   0.47322267
   0.65578156
   0.58112873
   0.88719930
   0.96062473
   1.03470851
   0.73073266
   0.43525788
   0.06715147
   0.07943224
   0.32973676
   0.51101539
   0.23162209
   0.22964797
   0.26963402
   0.52011911
   0.76433423
   0.93694008
   0.31925891
   0.46765421
   0.51267270
   0.13913289
   0.44735040
   0.06897309
   0.00708938
   0.39843374
   0.35638825
   0.16099269
   0.00000000
   0.41616117
   0.22752305
   0.03949531
   0.00000000
   0.00000000
   0.00000000
   0.00000000
   0.00000000
   0.00000000
   0.00000000
   0.00000000
   0.00000000
   0.00000000
   0.00000000
   0.00000000
   0.00000000
   0.00000000
   0.00000000
   0.00000000
   0.00000000
   0.00000000
   0.00000000
   0.00000000
   0.00000000
   0.00000000
   0.00000000
   0.00000000
   0.00000000
   0.00000000
   0.01141317
   0.00000000
   0.00000000
   0.00000000
   0.00000000
   0.00000000
   0.00000000
   0.00000000
   0.00000000
   0.00000000
   0.00000000
   0.00000000
   0.00000000
   0.00000000
