   0.00000000
   0.00000000
  -1.71036071
  -4.19266351
  -0.23132162
   0.00000000
  -2.08362064
  -2.88841405
  -3.20551420
  -2.45514238
  -0.85385190
  -0.20140398
  -0.00002648
  -0.55683449
  -1.38789407
  -2.83278374
  -2.87515933
  -2.85693701
  -2.41467757
  -1.40640382
  -0.83773724
  -0.60268505
  -1.04178412
  -1.76387490
  -2.58106879
  -2.25813462
  -1.59326460
  -1.14901351
  -0.92485296
  -1.20321369
  -1.66630024
  -2.49250593
  -2.33680982
  -2.22024086
  -2.37142952
  -2.73158299
  -2.34165978
  -2.75009844
  -2.55255475
  -2.06492320
  -2.09109658
  -2.88438361
  -2.61585162
  -2.82575357
  -3.34681653
  -3.66409280
  -3.73539616
  -3.58172302
  -3.69457712
  -3.22312826
  -3.18181913
  -2.55599374
  -2.85552405
  -2.35989644
  -2.29826455
  -2.58745839
  -2.69791942
  -2.44647180
  -2.98374001
  -2.75680295
  -2.76561260
  -3.02329016
  -2.89372312
  -3.40369578
  -3.22102141
  -3.26889138
  -3.26619943
  -3.06186029
  -3.30782789
  -2.99545917
  -3.31165611
  -3.04182541
  -3.39411314
  -3.00115326
  -3.45542734
  -2.81668902
  -3.11416880
  -2.98315633
  -2.75293908
  -2.04344037
  -1.79808229
  -1.99948760
  -2.28659409
  -2.01942343
  -1.48423681
  -1.24416581
  -1.43283602
  -1.66567902
  -1.91165485
  -2.31466973
  -2.37916359
  -2.17984825
  -2.25301225
  -2.77780750
  -2.39624688
  -2.41876067
  -2.73314962
  -2.20196036
  -2.16034607
  -2.52160870
  -2.22774473
  -2.01371304
  -2.02585588
  -2.42833942
  -2.28006805
  -2.12021700
  -2.15775902
  -2.57640689
  -2.20444420
  -2.05530888
  -2.12810365
  -2.50938397
  -2.05824993
  -1.94742027
  -1.96864571
  -2.42426800
  -1.98922803
  -1.79332862
  -1.82725890
  -2.07055162
  -2.41184416
  -2.00452795
  -1.78568284
  -1.74012477
  -1.78518833
  -2.02830790
  -2.22706263
  -1.95747937
  -1.92334223
  -1.99456812
  -2.44762994
  -2.16623091
  -2.04967167
  -2.09291450
  -2.51683792
  -2.11864658
  -2.02259563
  -2.08204194
  -2.51618417
  -2.11451740
  -1.99900416
  -2.26105152
  -2.52526206
  -2.19077714
  -1.87973821
  -1.83264057
  -1.87357540
  -2.23474761
  -2.07332959
  -1.87549294
  -1.94722132
  -2.07929411
  -2.62022206
  -2.53828984
  -2.20545875
  -2.25899050
  -2.08059177
  -2.00993435
  -1.76276560
  -1.66849142
  -1.67305857
  -1.73386224
  -1.90368148
  -2.49659358
  -2.08563856
  -1.81055721
  -1.67879594
  -1.69584794
  -2.02233977
  -1.97240807
  -1.74830997
  -1.69520846
  -1.71906631
  -1.78522588
  -2.22653686
  -1.95200473
  -1.92771302
  -1.93083983
  -2.02620798
  -2.46226440
  -2.01878319
  -1.85359901
  -1.72619427
  -1.58582021
  -1.59715723
  -1.61092164
  -1.89936244
  -1.67171341
  -1.51176287
  -1.45066770
  -1.45738028
  -1.51555772
  -1.59329678
  -1.90059064
  -1.90793524
  -1.66151346
  -1.61208293
  -1.64701500
  -1.70569948
  -2.08464622
  -1.93027598
  -1.74405563
  -1.71269140
  -1.76442272
  -2.01437560
  -2.19762009
  -1.86610215
  -1.80019554
  -1.94559231
  -2.21799045
  -2.56485726
  -2.13208092
  -2.05814076
  -2.03935386
  -1.84477188
  -2.07174035
  -2.01085975
  -1.68104374
  -1.53722309
  -1.50965765
  -1.53582086
  -1.66195470
  -1.97157775
  -2.07425310
  -2.01428200
  -2.17004484
  -2.14595983
  -1.75849353
  -1.51729518
  -1.83379292
  -1.46973157
  -1.34564854
  -1.37478391
  -1.29893494
  -1.31621660
  -1.74442981
  -2.12344764
  -2.37689207
  -2.27728847
  -1.97426830
  -1.65542995
  -1.19437940
  -1.00422812
  -0.99675246
  -0.96337589
  -0.93958529
  -0.92663624
  -0.91898945
  -0.92352550
  -0.93001840
  -0.93360687
  -0.93552804
  -0.93619170
  -0.93658614
  -1.43188776
  -1.14243090
  -0.92860935
  -0.82077273
  -0.76167581
  -0.80383132
  -0.79558851
  -0.74437613
  -0.71494343
  -0.69870364
  -0.69114514
  -0.68882428
  -0.68920197
  -0.69050350
  -0.69148176
  -0.69131189
  -0.68952958
  -0.09503984
  -0.06561715
  -1.77835985
  -1.56910104
  -2.59559902
  -2.07128764
  -1.27564850
  -1.43534604
  -1.30917262
  -0.73078153
  -0.47221191
  -0.68079641
  -1.29046039
  -0.94597486
  -0.86819056
  -0.50277184
  -0.00014998
   0.00000000
   0.00000000
  -0.72498859
  -0.87008232
  -0.82009681
  -1.35035550
  -0.40351635
  -0.46262232
  -0.32383436
  -0.59793481
  -0.50370026
  -0.81631122
  -0.56438527
  -0.43939120
  -0.27012745
  -0.20185413
  -0.10918325
  -0.22625761
  -0.22227756
  -0.52186226
  -0.05284249
  -0.67583429
  -0.44516634
  -0.39761252
  -0.33189373
  -0.13339701
  -0.08893321
  -0.13292520
  -0.13022869
  -0.13058742
  -0.12911274
  -0.10152459
  -0.14703737
  -0.20190121
  -0.46114793
  -0.66202387
  -0.46966056
  -0.40712006
  -0.09868561
  -0.34400741
  -0.46985658
  -0.41435223
  -0.63172647
  -0.68068486
  -0.73219740
  -0.52712933
  -0.31817768
  -0.05198913
  -0.06020535
  -0.20453899
  -0.29209951
  -0.12563133
  -0.12358620
  -0.14937604
  -0.29533211
  -0.45498413
  -0.57246972
  -0.19865926
  -0.28182070
  -0.30337578
  -0.08082227
  -0.25565267
  -0.03853831
  -0.00387160
  -0.21423740
  -0.18493312
  -0.08207133
   0.00000000
  -0.20272019
  -0.10761382
  -0.01827962
   0.00000000
   0.00000000
   0.00000000
   0.00000000
   0.00000000
   0.00000000
   0.00000000
   0.00000000
   0.00000000
   0.00000000
   0.00000000
   0.00000000
   0.00000000
   0.00000000
   0.00000000
   0.00000000
   0.00000000
   0.00000000
   0.00000000
   0.00000000
   0.00000000
   0.00000000
   0.00000000
   0.00000000
   0.00000000
   0.00000000
  -0.00483588
   0.00000000
   0.00000000
   0.00000000
   0.00000000
   0.00000000
   0.00000000
   0.00000000
   0.00000000
   0.00000000
   0.00000000
   0.00000000
   0.00000000
   0.00000000
