   0.00000000
   0.00000000
   0.76698719
   2.76326119
   0.08395611
   0.00000000
   0.06872614
   0.27507714
   1.25928534
   0.66306866
   0.00000000
   0.00000000
   0.00000000
   0.01309545
   0.35161570
   1.21273232
   1.98989387
   1.57495446
   0.92153859
   0.18994234
   0.00000000
   0.00795996
   0.64679062
   1.62894599
   1.82377029
   1.20379208
   0.63751203
   0.26795190
   0.31527321
   0.79444511
   1.40842597
   1.51991624
   1.78529543
   1.70336862
   1.48955931
   1.45983362
   1.50321687
   1.95799429
   1.35927563
   1.15780091
   1.56543433
   1.73639266
   2.05802268
   1.86712214
   1.99944146
   2.45616689
   2.26845326
   2.38012587
   2.11050336
   2.25966727
   1.73755397
   1.58273969
   1.79980922
   1.78814359
   1.70204304
   1.64883040
   1.81765674
   2.10309252
   1.88021542
   1.92688743
   2.09911101
   1.93314019
   2.23899616
   2.26669920
   2.28067029
   2.27405074
   2.03632645
   2.39384254
   2.08671999
   2.39379087
   2.10034396
   2.33778460
   2.24151622
   2.19557972
   2.16176661
   1.77158067
   1.78634471
   1.92083499
   1.57063580
   1.23743951
   1.12313145
   1.11294411
   1.09748636
   1.36325760
   1.36703257
   1.21534242
   1.30070277
   1.37421131
   1.50424279
   1.62041499
   1.99820593
   1.71706449
   1.66881129
   1.99348711
   1.84393322
   1.63646171
   1.57851759
   1.89691329
   1.63524399
   1.52462482
   1.52810566
   1.59638187
   1.93418733
   1.61366396
   1.53995673
   1.54986531
   1.87088070
   1.66927481
   1.50990843
   1.44902783
   1.44560736
   1.79251228
   1.46358444
   1.34819023
   1.31020377
   1.32305398
   1.35975780
   1.73499947
   1.45467209
   1.32871670
   1.30146216
   1.33189412
   1.37255926
   1.72801835
   1.51112716
   1.40316152
   1.37469688
   1.40248189
   1.60204914
   1.72730489
   1.51740515
   1.45343149
   1.45109689
   1.63740579
   1.70542586
   1.46825618
   1.38942419
   1.37794766
   1.39422390
   1.74807163
   1.47381712
   1.35277602
   1.30498711
   1.32826443
   1.37429266
   1.73495468
   1.49187620
   1.37384804
   1.32970528
   1.33988542
   1.36810394
   1.73021513
   1.43853253
   1.33108384
   1.28818937
   1.27153577
   1.29291698
   1.70410075
   1.43145190
   1.30981659
   1.25644487
   1.24572077
   1.26508361
   1.46255110
   1.52594867
   1.32919302
   1.24843657
   1.22414018
   1.23127329
   1.25276122
   1.46240358
   1.52367150
   1.31897358
   1.23488108
   1.19861894
   1.18952381
   1.14861641
   1.38425500
   1.40924995
   1.18944566
   1.07783167
   1.02800217
   1.01406964
   1.02842879
   1.06372238
   1.10690437
   1.25799246
   1.45023336
   1.13530357
   1.11828589
   1.08659781
   1.09356730
   1.12711051
   1.16649912
   1.21459290
   1.61539952
   1.31462039
   1.22457431
   1.18460821
   1.18448129
   1.20643136
   1.22444719
   1.64007128
   1.32632774
   1.22848626
   1.17829338
   1.16925498
   1.18989008
   1.19559263
   1.56332790
   1.32839153
   1.20372195
   1.13722161
   1.11118370
   1.12037352
   1.14276538
   1.14490892
   1.54200611
   1.25434490
   1.14483068
   1.07211898
   1.04666548
   1.04932528
   1.07225519
   1.08793862
   1.29738115
   1.36409735
   1.15958422
   1.06203261
   1.00771023
   0.98457731
   0.97867901
   0.97759107
   0.97369383
   0.96256585
   1.33843928
   1.18721945
   0.93530830
   0.75914373
   0.62275105
   0.53633176
   0.46920952
   0.45377998
   0.47709802
   0.49580614
   0.51408457
   0.53481426
   0.55092044
   0.56882291
   0.58577739
   0.60675336
   0.62417014
   0.63716109
   0.64522387
   1.08370882
   0.98008529
   0.76797997
   0.67314127
   0.61444874
   0.57143668
   0.53502448
   0.50730763
   0.54142972
   0.52318251
   0.46421916
   0.42293772
   0.39500125
   0.37458504
   0.35579351
   0.33791914
   0.29845209
   3.56536076
   2.66387322
   2.13052596
   1.57158594
   1.66435850
   1.26044538
   0.89300982
   0.58122972
   0.35015698
   0.26070706
   0.46642473
   0.68383405
   1.08574194
   0.25086945
   1.70687984
   0.80365378
   0.00000000
   0.00000000
   0.00000000
   0.42165117
   0.76700301
   0.75583429
   0.20230587
   0.40427295
   0.53402421
   0.37189457
   0.80793067
   0.68419691
   0.72619859
   0.18828066
   0.03170117
   0.00000000
   0.00000000
   0.00000000
   0.00000000
   0.34752728
   0.20285158
   0.00000000
   0.00000000
   0.00000000
   0.00000000
   0.00000000
   0.00000000
   0.00000000
   0.00000000
   0.00000000
   0.00000000
   0.00000000
   0.00000000
   0.00000000
   0.00000000
   0.00000000
   0.00000000
   0.00000000
   0.00000000
   0.00000000
   0.00000000
   0.00000000
   0.00000000
   0.00000000
   0.00000000
   0.00000000
   0.00000000
   0.00000000
   0.00000000
   0.00000000
   0.00000000
   0.00000000
   0.00000000
   0.00000000
   0.00000000
   0.00000000
   0.00000000
   0.00000000
   0.00000000
   0.00000000
   0.00000000
   0.00000000
   0.00000000
   0.00000000
   0.00000000
   0.00000000
   0.00000000
   0.00000000
   0.00000000
   0.00000000
   0.00000000
   1.00454826
   3.46178315
   1.09546910
   1.78089265
   0.61730970
   0.04014518
   0.00009791
   0.00000000
   0.00000000
   0.00000000
   0.15083084
   0.02718575
   0.00000000
   0.00000000
   0.42073422
   1.84410504
   1.86370439
   2.45136309
   2.42190388
   2.72778244
   2.08399644
   2.12976589
   1.84562596
   2.12423384
   2.63316757
   2.73108793
   2.53848583
   2.51275023
   2.33177516
   2.02140168
   1.88669200
   2.00446159
   1.83656181
   1.78956956
   1.93329339
   2.32917985
   1.99993721
   2.26267041
   1.89726112
   1.63906699
   1.73158745
