   0.00000000
   0.00000000
   0.76699473
   2.76364558
   0.08431670
   0.00000000
   0.02868511
   0.12765660
   0.65040134
   0.44578194
   0.00000000
   0.00000000
   0.00000000
   0.06138724
   0.35640637
   1.14089905
   1.49801379
   1.85822890
   1.04925469
   0.39505647
   0.04690042
   0.03437720
   0.72758939
   1.39215981
   1.51552121
   1.54417915
   0.96517888
   0.47785609
   0.48721999
   0.84470517
   1.27447011
   1.37527704
   1.43962967
   1.48593400
   1.80646389
   1.61183911
   1.46486537
   1.50715626
   1.29756044
   1.53700629
   1.59843864
   1.57868817
   1.53436470
   1.80495541
   2.16537048
   2.00699625
   2.36678813
   2.01530949
   2.13369742
   2.02488108
   1.61855830
   1.47764780
   1.68547256
   1.69771235
   1.56080905
   1.49910421
   1.52342514
   1.80476768
   1.95067458
   1.66498160
   1.59590826
   2.03425411
   1.96560728
   1.88767649
   2.25145803
   1.95920464
   1.82744294
   2.20121190
   1.94690536
   1.85327451
   2.20377521
   1.94529447
   1.89403090
   2.19064114
   1.75126508
   1.54217465
   1.60126630
   1.74078981
   1.39546531
   1.12524618
   0.99963763
   0.94997563
   0.94549360
   0.92392466
   0.94660160
   1.25903344
   1.30528535
   1.11639541
   1.24278742
   1.32937168
   1.30787966
   1.31405609
   1.38699535
   1.76835358
   1.48105346
   1.32256968
   1.23890552
   1.21700868
   1.46598931
   1.52320241
   1.30693972
   1.23378689
   1.20818821
   1.22159512
   1.26509189
   1.45339001
   1.56614827
   1.31153799
   1.21573771
   1.16226475
   1.13239941
   1.11173625
   1.13134409
   1.54980720
   1.18306824
   1.04838422
   0.97642650
   0.97082013
   0.99707907
   0.99265322
   1.00557010
   1.06527206
   1.33091502
   1.36299946
   1.08896884
   1.09763236
   1.07449272
   1.08711038
   1.12327175
   1.16780556
   1.20709447
   1.62946010
   1.32130412
   1.20560377
   1.14976917
   1.14001054
   1.15707192
   1.16112213
   1.55229254
   1.28431129
   1.14839497
   1.07767336
   1.03797664
   1.05297583
   1.10298690
   1.15538473
   1.34007801
   1.39911984
   1.13818480
   1.09585279
   1.07637250
   1.03374282
   1.03025886
   1.05753034
   1.07801219
   1.48671076
   1.23232710
   1.08456412
   1.03217177
   1.00004456
   1.00860290
   1.01020659
   1.01236326
   1.02778296
   1.28851770
   1.32891104
   1.05364228
   1.01088306
   0.99173053
   0.98410158
   1.00534555
   1.02313965
   1.04204751
   1.04856094
   1.45601037
   1.13002332
   0.96452668
   0.91209650
   0.86381324
   0.83852293
   0.84237185
   0.86116520
   0.87500964
   0.90483075
   0.93355906
   1.44479551
   1.01380214
   0.88643417
   0.91681564
   0.95418579
   0.92298112
   0.92754842
   0.95292248
   0.98305961
   1.00936973
   1.03664733
   1.44536326
   1.15973521
   1.03160125
   1.01186855
   0.98283321
   0.99142672
   1.02112419
   1.03998260
   1.05870849
   1.43091485
   1.20086405
   1.02006557
   0.96198866
   0.92461455
   0.92026177
   0.93991615
   0.96727066
   0.98399168
   0.98904230
   1.39605277
   1.10616024
   0.90953436
   0.93001920
   0.92315758
   0.89809641
   0.88437582
   0.88043731
   0.89704758
   0.90403890
   0.89642703
   1.24314991
   1.14256946
   0.86109297
   0.78514764
   0.83280866
   0.80775831
   0.50262319
   0.39723615
   0.73899693
   0.84798297
   0.82136865
   0.75016636
   0.67803016
   0.63474302
   0.58369368
   1.14187084
   0.81250548
   0.62116668
   0.49904709
   0.45386089
   0.47728412
   0.41187593
   0.35195789
   0.34081537
   0.33333428
   0.32269401
   0.32089614
   0.35806515
   0.36741211
   0.33571136
   0.31521497
   0.30041060
   0.18608686
   0.03849601
   0.00258685
   0.10643706
   0.22898952
   0.30130371
   0.31314369
   0.28023429
   0.22845333
   0.16748028
   1.58257735
   4.04618705
   2.98964579
   2.66491807
   0.93932197
   0.31874952
   0.20671731
   0.48214233
   0.28775385
   0.03914064
   0.07875119
   0.60270536
   0.31269697
   0.02104017
   0.00000000
   0.00000000
   0.00000000
   0.00284598
   0.16734776
   0.00000000
   0.13296601
   0.05320348
   0.00000000
   0.24009923
   0.40103458
   0.00000000
   0.00000000
   0.00000000
   0.14436275
   0.20771357
   0.62991284
   1.19365206
   0.15748836
   0.01677156
   0.00000000
   0.00000000
   0.00000000
   0.00000000
   0.07612792
   0.33624523
   0.00000000
   0.00000000
   0.00000000
   0.00000000
   0.00000000
   0.00000000
   0.00000000
   0.00000000
   0.00000000
   0.00000000
   0.00000000
   0.00000000
   0.00000000
   0.00000000
   0.00000000
   0.00000000
   0.00000000
   0.00000000
   0.00000000
   0.00000000
   0.00000000
   0.00000000
   0.00000000
   0.00000000
   0.00000000
   0.00000000
   0.00000000
   0.00000000
   0.00000000
   0.00000000
   0.00000000
   0.00000000
   0.00000000
   0.00000000
   0.00000000
   0.00000000
   0.00000000
   0.00000000
   0.00000000
   0.00000000
   0.00000000
   0.00000000
   0.00000000
   0.00000000
   0.00000000
   0.00000000
   0.00000000
   0.00000000
   0.00000000
   0.00000000
   1.03483737
   3.32425446
   1.27944332
   1.74791916
   0.29242624
   0.02841778
   0.00000000
   0.00000000
   0.00000000
   0.01087730
   0.17528220
   0.40168005
   0.16930550
   0.29709355
   0.92353552
   1.68683885
   2.07399339
   2.08555452
   2.29797895
   2.51816021
   2.31148683
   1.79691725
   1.67314739
   2.12141933
   2.45778803
   2.60060617
   2.31393123
   2.56488181
   1.93716812
   2.04422007
   1.88118378
   1.54982595
   1.41723424
   1.52685637
   2.01417539
   1.79168140
   1.67908658
   1.65330028
   1.90905922
   1.26137124
   1.11446832
