   0.00000000
   0.00000000
   0.76645032
   2.76326644
   0.08289059
   0.00000000
   0.12587776
   2.34512088
   2.79676124
   2.03995924
   1.07296166
   0.32289682
   0.01303791
   0.55425849
   1.82976050
   2.17251273
   2.61093144
   2.30662060
   1.94732468
   1.04704086
   0.46643523
   0.27069448
   1.15991842
   1.95692406
   2.38006408
   1.79001617
   1.28666522
   1.27969692
   1.21257076
   1.31393202
   1.64587718
   1.76181311
   2.13549414
   2.17918898
   2.10732090
   2.30249210
   2.08738694
   2.53278275
   1.96930190
   2.05015426
   2.05549178
   2.23534887
   2.50750822
   2.48772186
   2.65311777
   2.90551672
   2.93709437
   2.81740316
   2.83029908
   2.65593976
   2.26773565
   2.34426150
   2.11864759
   1.96345064
   2.40507997
   2.14908446
   2.39922656
   2.29379249
   2.61868852
   2.34539263
   2.54807129
   2.47706121
   2.58856992
   2.79347308
   2.80882922
   2.70814378
   2.52015106
   2.74004866
   2.72126757
   2.55349173
   2.68106849
   2.78109500
   2.72884325
   2.55340645
   2.63690326
   2.41868573
   2.38413068
   2.09958885
   2.31757035
   1.83579330
   1.66359594
   1.71564096
   1.80361551
   1.56118298
   1.47562598
   1.51266009
   1.62554160
   2.07854458
   2.02576641
   2.03104337
   2.39056671
   2.16289714
   2.48969926
   2.19407125
   2.45593200
   2.09826896
   2.35959320
   1.95309275
   1.99122450
   2.23138657
   1.94318200
   2.19941132
   2.12339826
   1.95819791
   2.32607414
   2.00949724
   2.16973926
   2.15383057
   1.92501214
   2.23835638
   1.94679374
   1.78881460
   2.07966045
   1.90204437
   1.72960477
   1.77281542
   2.11167288
   1.78617506
   1.71505532
   2.04403767
   1.88359183
   1.75565330
   1.87895285
   2.10640894
   1.82046999
   1.84417178
   2.18565521
   1.87916002
   1.88173176
   2.23184372
   1.92346330
   1.95002690
   2.23896290
   1.89188747
   2.04661601
   2.08747257
   1.83388034
   1.95307094
   2.08729418
   1.79892375
   1.78778953
   2.12598797
   1.82117936
   1.74166434
   2.05198390
   1.94740351
   1.78042825
   1.92899405
   2.06758155
   1.79562493
   1.80715941
   2.12230432
   1.81509921
   1.73824503
   2.06622190
   1.86830341
   1.71936506
   1.76286596
   2.09104411
   1.77611709
   1.69915865
   1.99717714
   1.87453435
   1.70174029
   1.68347299
   2.03657701
   1.78566949
   1.67598069
   1.71934142
   2.05605244
   1.75340910
   1.67523725
   1.89000042
   1.92211377
   1.70431927
   1.64903702
   1.92675284
   1.77653939
   1.57978862
   1.51384508
   1.52875987
   1.89297678
   1.61529748
   1.48806160
   1.47343857
   1.53508217
   1.90964399
   1.61498826
   1.54006817
   1.55387042
   1.86830099
   1.76737440
   1.62168856
   1.60881887
   1.88087651
   1.84186834
   1.67109868
   1.64321401
   1.95867652
   1.82254087
   1.66206202
   1.65483366
   1.99074741
   1.76991838
   1.64552265
   1.65189838
   1.99003514
   1.72983533
   1.61264148
   1.61880095
   1.94963272
   1.71494047
   1.58967219
   1.57193966
   1.86943389
   1.74326753
   1.58433630
   1.54057052
   1.62806634
   1.89955428
   1.60955571
   1.52249271
   1.52492780
   1.82709325
   1.67959632
   1.52686131
   1.47659738
   1.50197002
   1.83814763
   1.60528945
   1.48081592
   1.44914260
   1.46878077
   1.83720698
   1.66565114
   1.51722929
   1.36048275
   1.44500051
   1.56889649
   1.26124524
   1.14910313
   1.08120474
   1.12395558
   1.12140230
   1.09701301
   1.09752675
   1.11477650
   1.13868377
   1.21586582
   1.48700620
   1.18242757
   1.08905969
   1.03215758
   1.01765776
   1.02897602
   1.05003570
   1.06855084
   1.42413723
   1.25040351
   1.04673011
   0.98269731
   0.94570645
   0.94415805
   0.95882080
   0.96804624
   1.01663842
   1.47394078
   1.12692609
   0.81191325
   0.75686191
   0.46602240
   0.13372452
   4.23813355
   2.41264212
   1.31232168
   1.45656659
   1.07048428
   0.77363197
   0.44762062
   0.06756987
   0.00135727
   0.14126149
   0.61392457
   0.63131821
   0.79583109
   0.59183364
   0.00789097
   1.69770242
   0.11947905
   0.09292216
   0.72641305
   1.05397503
   0.99573343
   0.33136986
   0.55496648
   0.68965018
   0.50782046
   1.01288581
   1.50320205
   1.01499896
   0.73635621
   0.19685313
   0.05575609
   0.02450028
   0.32090612
   0.50082139
   0.44604625
   0.87809044
   0.10278574
   0.17252096
   0.33162182
   0.46059849
   0.59462893
   0.50239538
   0.58183111
   0.68516274
   0.12836452
   0.32177871
   0.50891096
   0.39585094
   0.41866301
   0.41608850
   0.76390638
   0.93421559
   0.77188716
   0.77325362
   0.19131656
   0.76684363
   0.93730908
   0.86149651
   1.22936531
   1.09247358
   0.77459823
   0.60368523
   0.35216021
   0.38468797
   0.33386425
   0.42429362
   0.33581904
   0.09164261
   0.00000000
   0.00000000
   0.28665600
   0.17036591
   0.00000000
   0.00000000
   0.00000000
   0.00000000
   0.00000000
   0.00000000
   0.00000000
   0.00000000
   0.00000000
   0.00000000
   0.00000000
   0.00000000
   0.00000000
   0.00000000
   0.00000000
   0.00000000
   0.00000000
   0.00000000
   0.00000000
   0.00000000
   0.00000000
   0.00000000
   0.00000000
   0.00000000
   0.00000000
   0.00000000
   0.00000000
   0.00000000
   0.00000000
   0.00000000
   0.00000000
   0.00000000
   0.00000000
   0.00000000
   0.00000000
   0.00000000
   0.00000000
   0.00000000
   0.01730444
   2.30208103
   2.91924998
   2.73719035
   2.39280733
   2.38584148
   2.12600254
   2.33289250
   1.90001207
   2.12583532
   2.23786104
   2.15333023
   2.48809850
   2.29003438
   2.41313019
   2.12397983
   2.32647828
