   0.00000000
   0.00000000
   0.00000000
   0.00000000
   0.00000000
   0.00000000
   0.00000000
   0.00000000
   0.00000000
   0.00000000
   0.00000000
   0.00000000
   0.00000000
   0.00000000
   0.00000000
   0.00000000
  -0.38536144
  -4.88333399
  -4.70124880
  -4.35415825
  -4.10222781
  -3.94574774
  -3.90854032
  -3.79617645
  -3.49344523
  -3.66722715
  -3.71777713
  -3.30813961
  -3.45619478
  -3.23637510
  -3.20871586
  -3.25165050
  -3.06624356
  -3.24206694
  -2.99591421
  -3.21499949
  -2.96125782
  -3.12579590
  -2.96154733
  -2.88496583
  -3.06321913
  -2.63416700
  -3.06765591
  -2.64317086
  -2.81529019
  -2.86541692
  -2.58706445
  -3.05393081
  -2.63062103
  -2.90270011
  -2.79746222
  -2.57718620
  -3.03793363
  -2.55683061
  -2.69203576
  -2.86540747
  -2.50576758
  -2.95860009
  -2.61994772
  -2.57812506
  -2.98880761
  -2.54714562
  -2.91327561
  -2.72076379
  -2.56394557
  -3.01091584
  -2.54013921
  -2.76954679
  -2.78719163
  -2.46579821
  -2.93844843
  -2.56819921
  -2.46316185
  -2.95583586
  -2.47660105
  -2.48793218
  -2.93239337
  -2.42787137
  -2.44714910
  -2.83150131
  -2.35978748
  -2.38174667
  -2.80483489
  -2.36787457
  -2.34207359
  -2.80405920
  -2.35078226
  -2.25774563
  -2.72048296
  -2.38981750
  -2.23001648
  -2.56270240
  -2.50544622
  -2.24369435
  -2.32406332
  -2.70713710
  -2.26960579
  -2.24240416
  -2.72978692
  -2.34515362
  -2.21854222
  -2.55881819
  -2.47684639
  -2.18700576
  -2.18022748
  -2.63336642
  -2.24713509
  -2.12611798
  -2.32764541
  -2.53395688
  -2.16377745
  -2.12799340
  -2.58080324
  -2.29747891
  -2.13076789
  -2.18466159
  -2.64036658
  -2.19923238
  -2.08919174
  -2.25265341
  -2.55143163
  -2.13798475
  -2.05753160
  -2.31560926
  -2.39647881
  -2.07309202
  -2.01369757
  -2.27619679
  -2.37344749
  -2.05643282
  -2.00104360
  -2.24711986
  -2.38979463
  -2.05637074
  -1.99383603
  -2.17624957
  -2.43588675
  -2.05539682
  -1.98190020
  -2.08125373
  -2.50305985
  -2.07995694
  -1.97969246
  -2.02126108
  -2.48111168
  -2.09417829
  -1.95180499
  -1.94706021
  -2.32444810
  -2.18814027
  -1.95244767
  -1.90648550
  -1.98708259
  -2.44792544
  -2.03643969
  -1.89545274
  -1.88042378
  -2.11560318
  -2.26149818
  -1.92127900
  -1.81888061
  -1.82812759
  -2.10044518
  -2.18712482
  -1.87879186
  -1.77917563
  -1.77454489
  -1.88193173
  -2.26371182
  -1.85384274
  -1.73683593
  -1.71726176
  -1.76449559
  -2.19435405
  -1.93046150
  -1.74834504
  -1.68005807
  -1.68493721
  -1.74538878
  -2.22037820
  -1.80974297
  -1.66951695
  -1.62025820
  -1.63199334
  -1.68552294
  -2.16772457
  -1.77365221
  -1.62201771
  -1.55922683
  -1.55767192
  -1.59177109
  -1.94355321
  -1.85965190
  -1.61633746
  -1.51503177
  -1.48176483
  -1.49321926
  -1.53134452
  -1.90582887
  -1.78038965
  -1.55239288
  -1.45252820
  -1.41425316
  -1.42073161
  -1.44878991
  -1.51030803
  -2.00407650
  -1.58786510
  -1.43972020
  -1.36266813
  -1.33238647
  -1.33177617
  -1.34901929
  -1.37001340
  -1.83007531
  -1.57637219
  -1.34166425
  -1.23644857
  -1.17904113
  -1.16117860
  -1.16519300
  -1.18069029
  -1.19742369
  -1.21187127
  -1.71352672
  -1.39517252
  -1.11042530
  -1.07435412
  -1.04209687
  -1.00240007
  -0.98580979
  -0.98346751
  -0.98842348
  -0.99551041
  -1.00129574
  -1.00381280
  -1.30249886
  -1.45052774
  -1.02845428
  -0.87654841
  -0.82716977
  -0.87807406
  -0.83396584
  -0.79071630
  -0.76597750
  -0.75164522
  -0.74523159
  -0.74292617
  -0.74186071
  -0.74119981
  -0.73998177
  -0.73724239
  -0.73258008
  -0.72647146
  -1.52635866
  -0.99281416
  -0.77371702
  -0.67726046
  -0.61876151
  -0.57761211
  -0.55089599
  -0.60215973
  -0.60039703
  -0.54379056
  -0.50136409
  -0.47907718
  -0.46684577
  -0.45883461
  -0.45312471
  -0.44842988
  -0.44387225
  -0.43946445
  -0.43476014
  -0.42863237
  -0.42106014
  -0.41203685
  -0.40157402
  -0.38969684
  -0.37642768
  -0.36177271
  -0.34571852
  -0.32821931
  -0.30918611
  -0.28946472
  -0.72857035
  -1.35550248
  -0.93521851
  -0.39664438
  -0.50180374
  -1.89436214
  -2.90273559
  -3.49027782
  -2.98976628
  -2.32223811
  -1.89057688
  -1.59601537
  -1.38292468
  -1.21290741
  -1.39447511
  -1.82409505
  -0.69989331
  -0.57368183
  -0.53157659
  -0.47769674
  -0.44447208
  -0.42153222
  -0.36969914
  -0.36065636
  -0.28340671
  -0.02260848
  -0.08366786
  -0.11022437
  -0.10294919
  -0.08175787
  -0.04359593
  -0.01636148
  -0.00025664
   0.00000000
   0.00000000
   0.00000000
   0.00000000
   0.00000000
   0.00000000
   0.00000000
   0.00000000
   0.00000000
   0.00000000
   0.00000000
   0.00000000
   0.00000000
   0.00000000
   0.00000000
   0.00000000
   0.00000000
   0.00000000
   0.00000000
   0.00000000
   0.00000000
   0.00000000
   0.00000000
   0.00000000
   0.00000000
   0.00000000
   0.00000000
   0.00000000
   0.00000000
   0.00000000
   0.00000000
   0.00000000
   0.00000000
   0.00000000
   0.00000000
   0.00000000
   0.00000000
   0.00000000
   0.00000000
   0.00000000
   0.00000000
   0.00000000
   0.00000000
   0.00000000
   0.00000000
   0.00000000
   0.00000000
   0.00000000
   0.00000000
   0.00000000
   0.00000000
   0.00000000
   0.00000000
   0.00000000
   0.00000000
   0.00000000
   0.00000000
   0.00000000
   0.00000000
   0.00000000
   0.00000000
   0.00000000
   0.00000000
   0.00000000
   0.00000000
   0.00000000
   0.00000000
   0.00000000
   0.00000000
   0.00000000
   0.00000000
   0.00000000
   0.00000000
  -0.17648296
  -1.43715423
  -1.69617045
  -2.08652388
  -2.24379171
  -1.93864277
  -1.72395104
  -1.57323215
  -1.49358670
