   0.00000000
   0.00000000
   0.00000000
   0.00000000
   0.00000000
   0.00000000
   0.00000000
   0.00000000
   0.00000000
   0.00000000
   0.00000000
   0.00000000
   0.00000000
   0.00000000
   0.00000000
   0.00000000
  -0.38537875
  -4.88574080
  -4.73175188
  -4.41737508
  -4.12463935
  -3.95811875
  -3.91476482
  -3.86139527
  -3.62730178
  -3.55981892
  -3.77869875
  -4.24571185
  -4.37887737
  -4.31166190
  -4.23443918
  -4.16597262
  -4.09708181
  -4.00727718
  -3.84746998
  -3.89042287
  -3.93176947
  -3.94116722
  -3.85009273
  -3.63225510
  -3.77220643
  -3.85372191
  -3.76248913
  -3.54187365
  -3.74568148
  -3.80157023
  -3.61264492
  -3.57073692
  -3.77905927
  -3.70028754
  -3.46404480
  -3.71378021
  -3.72431793
  -3.44277855
  -3.65332756
  -3.73600577
  -3.46632572
  -3.59394847
  -3.73667905
  -3.52621330
  -3.51699197
  -3.73322099
  -3.56820609
  -3.46722807
  -3.72232236
  -3.58776344
  -3.43200358
  -3.71033219
  -3.59395187
  -3.41147408
  -3.70100304
  -3.58905221
  -3.40252952
  -3.69454785
  -3.57476152
  -3.39784210
  -3.68864219
  -3.54538061
  -3.40253835
  -3.68556059
  -3.49982811
  -3.43414558
  -3.68258194
  -3.43767092
  -3.48165845
  -3.67051374
  -3.35821784
  -3.55713240
  -3.65005998
  -3.32738999
  -3.59880873
  -3.61436422
  -3.31688013
  -3.63302373
  -3.56256452
  -3.33282686
  -3.65135330
  -3.47598232
  -3.38911104
  -3.64757814
  -3.33147478
  -3.51995092
  -3.61021775
  -3.27600993
  -3.59268273
  -3.52646787
  -3.29770624
  -3.62482850
  -3.36368991
  -3.43936869
  -3.60129093
  -3.25407988
  -3.56865551
  -3.50064263
  -3.27494973
  -3.60216382
  -3.27110885
  -3.48331380
  -3.53681885
  -3.21431270
  -3.57320317
  -3.30833482
  -3.39444987
  -3.52993654
  -3.18214555
  -3.55087744
  -3.26558635
  -3.39813993
  -3.49398580
  -3.16624945
  -3.53924109
  -3.18118770
  -3.44990893
  -3.41125397
  -3.18723407
  -3.50891927
  -3.11333084
  -3.48994056
  -3.17925467
  -3.37405739
  -3.38693331
  -3.13653178
  -3.46436368
  -3.06101455
  -3.46321935
  -3.06732804
  -3.40827890
  -3.15591827
  -3.28357230
  -3.29541788
  -3.11381825
  -3.36088413
  -3.02275099
  -3.38794005
  -2.97449406
  -3.38889505
  -2.94671086
  -3.37550085
  -2.92814925
  -3.35737898
  -2.91158824
  -3.33845156
  -2.89310660
  -3.32238563
  -2.87124420
  -3.30868844
  -2.84763815
  -3.29431371
  -2.82702607
  -3.27379903
  -2.81647878
  -3.37256716
  -3.08636398
  -3.57542929
  -3.26915678
  -3.49248538
  -3.32125171
  -3.20136394
  -3.49279741
  -3.04775966
  -3.54624251
  -3.03137912
  -3.45344281
  -3.12255535
  -3.15569047
  -3.37307681
  -2.95684512
  -3.45873099
  -2.99108336
  -3.19315942
  -3.20864230
  -2.89456029
  -3.39909480
  -2.95577696
  -3.04193101
  -3.25582945
  -2.82788186
  -3.25639829
  -3.03570060
  -2.87492719
  -3.39040984
  -2.97824374
  -2.94508006
  -3.40102833
  -2.93958472
  -3.03512501
  -3.30536794
  -2.91004570
  -2.96274260
  -3.26924316
  -2.85896249
  -2.79470286
  -3.24615998
  -2.84449094
  -2.70483178
  -3.04820656
  -2.90114304
  -2.65152949
  -2.61005338
  -3.05555843
  -2.68935346
  -2.52743671
  -2.51736298
  -2.96360147
  -2.56793658
  -2.41344819
  -2.38115191
  -2.78924903
  -2.50617154
  -2.30413919
  -2.23607982
  -2.30586355
  -2.65417635
  -2.28333571
  -2.12355848
  -2.06296536
  -2.05582973
  -2.49488251
  -2.16965748
  -1.96975550
  -1.87570551
  -1.84411878
  -1.84308620
  -2.30115021
  -1.94582340
  -1.67727295
  -1.52742956
  -1.46931152
  -1.46794675
  -1.48710289
  -1.85845563
  -1.59428936
  -1.40902748
  -1.31878505
  -1.29962641
  -1.31634728
  -1.34319435
  -1.36054969
  -1.83366299
  -1.40557324
  -1.24751433
  -1.18168356
  -1.15713760
  -1.16356111
  -1.18214116
  -1.19738764
  -1.20150810
  -1.68151189
  -1.27378229
  -1.03990393
  -1.07865779
  -1.03547383
  -1.00188434
  -0.98999532
  -0.99042314
  -0.99659014
  -1.00087891
  -1.00040255
  -1.13762115
  -1.52216527
  -0.99096007
  -0.84908465
  -0.80999598
  -0.87317647
  -0.83482513
  -0.79189713
  -0.76740264
  -0.75306891
  -0.74515189
  -0.74058385
  -0.73711915
  -0.73325596
  -0.72808931
  -0.72113654
  -0.71221145
  -1.14798320
  -1.23562759
  -0.81058573
  -0.68822270
  -0.62505970
  -0.58114826
  -0.54759159
  -0.53207437
  -1.70848389
  -2.27035762
  -1.91425074
  -2.53629482
  -2.96961101
  -2.19208462
  -1.75011408
  -1.46229051
  -1.25543873
  -1.77895542
  -2.08449472
  -0.87288532
  -0.77740349
  -0.77162213
  -0.73858251
  -0.70728015
  -0.64714978
  -0.35140617
  -0.55775811
  -0.38828956
  -0.03692835
  -0.41099588
  -0.03088551
   0.00000000
  -0.00170478
  -0.00471151
  -0.03215457
  -0.03871238
  -0.04860726
  -0.04918692
  -0.06620654
  -0.05459833
  -0.07254703
  -0.04900157
  -0.06261627
  -0.04279325
  -0.04839985
  -0.04850970
  -0.02771486
  -0.05696320
  -0.01020707
  -0.03542038
  -0.03671614
  -0.00082703
  -0.02110359
  -0.00642734
   0.00000000
   0.00000000
   0.00000000
   0.00000000
   0.00000000
   0.00000000
  -0.00213176
  -0.07809120
  -0.04801877
  -0.00698050
   0.00000000
   0.00000000
   0.00000000
   0.00000000
   0.00000000
   0.00000000
   0.00000000
   0.00000000
   0.00000000
   0.00000000
   0.00000000
   0.00000000
   0.00000000
   0.00000000
   0.00000000
   0.00000000
  -0.04219138
  -0.17638708
  -0.22740698
  -0.37889076
  -0.57172622
  -0.27826033
  -0.30894600
  -0.32763931
  -0.33792494
  -0.37095264
  -0.37819758
  -0.37059256
  -0.36502058
  -0.35202267
  -0.32190789
  -0.66901517
  -0.21421070
  -0.16802280
  -0.13423924
  -0.10834713
  -0.06077424
  -0.02076971
  -0.00008877
   0.00000000
