  0.49429061399205132        0.0000000000000000     
  0.31204156526373639        7.3582287100518329     
  0.12582935050907018        6.7581075753438995     
  -6.4289912964362372E-002   6.1478900154723988     
 -0.25825893005562983        5.5275868678376696     
 -0.45601924520293718        4.8972095922451331     
 -0.65751126059675080        4.2567703026518302     
 -0.86267425440803447        3.6062818083746038     
  -1.0714463973278050        2.9457576462821180     
  -1.2837647733386230        2.2752121331603803     
  -1.4995653971950342        1.5946603996736712     
  -1.7187832341737312       0.90411844405736019     
  -1.9413522199438358       0.20360317720718513     
  -2.1672052807762370      -0.50686752094446774     
  -2.3962743524426888       -1.2272747522590635     
  -2.6284904014249282       -1.9575985366255964     
  -2.8637834466787258       -3.0505395509507025     
  -3.1020825790097204       -3.9013268965682641     
  -3.3433159836744437       -4.4564858178869713     
  -3.5874109620939056       -4.7862773715996241     
  -3.8342939526720494       -5.0066484843887906     
  -4.0838905533892351       -5.2308018257286335     
  -4.3361255452606997       -5.4586950671211980     
  -4.5909229134813385       -5.6902848370882566     
  -4.8482058713358374       -5.9255267072617812     
  -5.1078968835622351       -6.1643751830572455     
  -5.3699176881351889       -9.8054804055071259     
  -5.6341893214567174       -10.048267894594801     
  -5.9006321417969811       -10.294474857301907     
  -6.1691658527077280       -10.544052051371295     
  -6.4397095278365528       -10.796949122388867     
  -6.7121816355500199       -11.053114593075463     
  -6.9865000622853550       -11.312495853116673     
  -7.2625821379244986       -11.575039143657591     
  -7.5403446618730019       -11.840689548320654     
  -7.8197039262644132       -12.109390981082583     
  -8.1005757423158755       -12.381086173522419     
  -8.3828754657900966       -12.655716664264389     
  -8.6665180215152997       -12.933222786893680     
  -8.9514179294028224       -13.213543659621223     
  -9.2374893314108668       -13.496617171799926     
  -9.5246460157588846       -13.782379974183300     
  -9.8128014438035365       -14.070767468198198     
  -10.101868776534133       -14.361713795319531     
  -10.391760898377267       -14.655151825476366     
  -10.682390446811510       -14.951013147241667     
  -10.973669836688170       -15.249228058405379     
  -11.265511286810998       -15.549725557119189     
  -11.557826846717612       -15.852433329480277     
  -11.850528423604935       -16.157277746174657     
  -12.143527806741890       -16.464183848360165     
  -12.436736697197356       -16.773075345609584     
  -12.730066732417145       -17.083874603130198     
  -13.023429513299471       -17.396502637056955     
  -13.316736631399497       -17.710879109212073     
  -13.609899693534732       -18.026922319653124     
  -13.902830351457457       -18.344549208156195     
  -14.195440326457438       -18.663675340484673     
  -14.487641436386827       -18.984214911315036     
  -14.779345622446321       -19.306080740203214     
  -15.070464976027484       -19.629184271772857     
  -15.360911763183488       -19.953435572829051     
  -15.650598454335512       -20.278743329022348     
  -15.939437748387638       -20.605014863043010     
  -16.227342599454673       -20.932156121985344     
  -16.514226243559062       -21.260071677916045     
  -16.800002224820052       -21.588664736454490     
  -17.084584419524489       -21.917837165268679     
  -17.367887065545212       -22.247489476597963     
  -17.649824785706695       -22.577520834461154     
  -17.930312613926134       -22.907829067750868     
  -18.209266021842588       -23.238310717372372     
  -18.486600942514642       -23.568861012207805     
  -18.762233796939256       -23.899373864874207     
  -19.036081519754379       -24.229741964509486     
  -19.308061583156530       -24.559856716682418     
  -19.578092021860847       -24.889608330542416     
  -19.846091459053802       -25.218885802075533     
  -20.111979128942718       -25.547576926157319     
  -20.375674902234767       -25.875568358358805     
  -20.637099311045617       -26.202745603505321     
  -20.896173571509504       -26.528993107296799     
  -21.152819607750459       -26.854194316168019     
  -21.406960076304937       -27.178231595847109     
  -21.658518387999472       -27.500986312906178     
  -21.907418732099522       -27.822338916168320     
  -22.153586099454639       -28.142168912337610     
  -22.396946304119769       -28.460355071031699     
  -22.637426005786217       -28.776775317679949     
  -22.874952733011920       -29.091306785398302     
  -23.109454903432656       -29.403825943439983     
  -23.340861846330505       -29.714208626043160     
  -23.569103824504811       -30.022330030813094     
  -23.794112054074784       -30.328064987168915     
  -24.015818725276183       -30.631287743003213     
  -24.234157024247523       -30.931872285722733     
  -24.449061151355657       -31.229692255213479     
  -24.660466341939284       -31.524620816865905     
  -24.868308886668622       -31.816531434908256     
  -25.072526149314641       -32.105297329931602     
  -25.273056585908098       -32.390791571622657     
  -25.469839763735280       -32.672887414334781     
  -25.662816379799814       -32.951458300619294     
  -25.851928277295869       -33.226377946347725     
  -26.037118465346097       -33.497520310738935     
  -26.218331134322838       -33.764760104674991     
  -26.395511672915923       -34.027972454523507     
  -26.568606685361647       -34.287033064404113     
  -26.737564007381444       -34.541818458073919     
  -26.902332720665484       -34.792205886640289     
  -27.062863170545306       -35.038073915397320     
  -27.219106979205144       -35.279301854092012     
  -27.371017059181916       -35.515770329489442     
  -27.518547631223854       -35.747361545533153     
  -27.661654234950078       -35.973958814858861     
  -27.800293742479209       -36.195446954311024     
  -27.934424373586779       -36.411712497987963     
  -28.064005706363080       -36.622643335066442     
  -28.188998688501130       -36.828130238716653     
  -28.309365652587061       -37.028065395750303     
  -28.425070324369432       -37.222342935609674     
  -28.536077833882864       -37.410859357973692     
  -28.642354728342553       -37.593513515443902     
  -28.743868979552502       -37.770206724584369     
  -28.840589994020291       -37.940842874328979     
  -28.932488624352317       -38.105328537763455     
  -29.019537175623725       -38.263572848150062     
  -29.101709413760489       -38.415488447473251     
  -29.178980575883820       -38.560990594942552     
  -29.251327375125310       -38.699997627585986     
  -29.318728007985221       -38.832430914107505     
  -29.381162163182697       -38.958215807017382     
  -29.438611025320494       -39.077280624246498     
  -29.491057280609848       -39.189557182963284     
  -29.538485124413143       -39.294980960354394     
  -29.580880263692865       -39.393490866281724     
  -29.618229921254546       -39.485030271143387     
  -29.650522842095576       -39.569545604957000     
  -29.677749294297087       -39.646987969727519     
  -29.699901071984996       -39.717311661178485     
  -29.716971500220065       -39.780475844451331     
  -29.728955434568004       -39.836443247486642     
  -29.735849262707777       -39.885180817903745     
  -29.737650907906275       -39.926659758951672     
  -29.734359827212781       -39.960855228556795     
  -29.725977011616013       -39.987747469268527     
  -29.712504988203477       -40.007320382998159     
  -29.693947816982842       -40.019562306628245     
  -29.670311089587209       -40.024465952219657     
  -29.641601930088946       -40.022027495010207     
  -29.607828990390832       -40.012249967184772     
  -29.569002447556308       -39.995138652686649     
  -29.525134003445714       -39.970703615310441     
  -29.476236878361309       -39.938959320851041     
  -29.422325807325670       -39.899924258162770     
  -29.363417037994768       -39.853622096619119     
  -29.299528323342013       -39.800079981404224     
  -29.230678916202802       -39.739329470077053     
  -29.156889566330570       -39.671406310092550     
  -29.078182511056468       -39.596349767131613     
  -28.994581469059042       -39.514204924260412     
  -28.906111635460334       -39.425019247957266     
  -28.812799671709342       -39.328844635826414     
  -28.714673698202461       -39.225736834046302     
  -28.611763287186427       -39.115755404369366     
  -28.504099452138725       -38.998963621469329     
  -28.391714638293664       -38.875428399527209     
  -28.274642715135116       -38.745219927276054     
  -28.152918963700387       -38.608412618091563     
  -28.026580066800115       -38.465083231134116     
  -27.895664098957830       -38.315312795958022     
  -27.760210513513357       -38.159184716146484     
  -27.620260130564496       -37.996785489180525     
  -27.475855126662545       -37.828205247517730     
  -27.327039020493530       -37.653536246612788     
  -27.173856659164944       -37.472873725783813     
  -27.016354206929599       -37.286315287402857     
  -26.854579129332571       -37.093961711820697     
  -26.688580178862928       -36.895915447250673     
  -26.518407382097280       -36.692281306169775     
  -26.344112023246318       -36.483166816729465     
  -26.165746627991492       -36.268680910673169     
  -25.983364949780938       -36.048934488697284     
  -25.797021951858994       -35.824040831926965     
  -25.606773790650138       -35.594114263415179     
  -25.412677800489842       -35.359270939394492     
  -25.214792475214800       -35.119628456694898     
  -25.013177449724786       -34.875305728973245     
  -24.807893483999131       -34.626422926329184     
  -24.599002443203659       -34.373101179979187     
  -24.386567278867219       -34.115463085007605     
  -24.170652011842243       -33.853631648308067     
  -23.951321711549316       -33.587730883636652     
  -23.728642475444865       -33.317885483286489     
  -23.502681411549158       -33.035803291435798     
  -23.273506616357896       -32.548897874061140     
  -23.041187154244351       -32.065505159626014     
  -22.805793038406915       -31.578768402987464     
  -22.567395208519319       -31.090391964399686     
  -22.326065508348016       -30.600995155857646     
  -22.081876666422779       -30.110759807006502     
  -21.834902272432632       -29.632580977359936     
  -21.585216754686826       -29.149336022839549     
  -21.332895360658583       -28.692334991677342     
  -21.078014130477769       -28.239843087259061     
  -20.820649875746071       -27.764266725763918     
  -20.560880157156991       -27.281865220684892     
  -20.298783259912497       -26.799666893147730     
  -20.034438169748526       -26.317828514633788     
  -19.767924551978943       -25.836503953508213     
  -19.499322723731801       -25.355844172417136     
  -19.228713631578120       -24.875997296970922     
  -18.956178827650785       -24.397108533672622     
  -18.681800443625487       -23.919320276523564     
  -18.405661167878158       -23.442772088304480     
  -18.127844218641286       -22.967600732800122     
  -17.848433319899712       -22.493940201193936     
  -17.567512675767979       -22.021921729754297     
  -17.285166945828518       -21.551673865701019     
  -17.001481218400265       -21.083322429193089     
  -16.716540986868974       -20.616990616310403     
  -16.430432121660090       -20.152798980993680     
  -16.143240845642147       -19.690865501876090     
  -15.855053707737063       -19.231305598866754     
  -15.565957557303587       -18.774232171133889     
  -15.276039516983335       -18.319755639552824     
  -14.985386958460595       -17.867983979097204     
  -14.694087473555502       -17.419022757454798     
  -14.402228849401718       -16.972975173511259     
  -14.109899041575682       -16.529942091504097     
  -13.817186147475649       -16.090022081898439     
  -13.524178380676197       -15.653311461078374     
  -13.230964043106901       -15.219904326583389     
  -12.937631498852506       -14.789892598055644     
  -12.644269147737251       -14.363366051885464     
  -12.350965398591718       -13.940412362799520     
  -12.057808642239593       -13.521117139820944     
  -11.764887226020678       -13.105563964475721     
  -11.472289425925894       -12.693834427056629     
  -11.180103420152564       -12.286008164927068     
  -10.888417262999690       -11.882162897948547     
  -10.597318858076022       -11.482374465904115     
  -10.306895931837797       -11.086716863764707     
  -10.017236007741909       -10.695262275285074     
  -9.7284263786433058       -10.308081110717467     
  -9.4405540812004869       -9.9252420397103265     
  -9.1537058697167133       -9.5468120249047956     
  -8.8679681899057101       -9.1728563552788955     
  -8.5834271526115948       -8.8034386805633744     
  -8.3001685086922699       -8.4386210391842269     
  -8.0182776219773739       -8.0784638950572116     
  -7.7378394439831055       -7.7230261655694790     
  -7.4589384886378820       -7.3723652522249949     
  -7.1816588067262837       -7.0265370706281374     
  -6.9060839600760122       -6.6855960804333563     
  -6.6322969974438077       -6.3495953123774029     
  -6.3603804283270211       -6.0185863982248975     
  -6.0904161982618810       -5.6926195977552538     
  -5.8224856647075534       -5.3717438226501599     
  -5.5566695721494641       -5.0560066663568364     
  -5.2930480285124961       -4.7454544285433258     
  -5.0317004793519962       -4.4401321386915811     
  -4.7727056857616716       -4.1400835810493390     
  -4.5161416990436312       -3.8453513192173432     
  -4.2620858383081455       -3.5559767196342023     
  -4.0106146668151688       -3.2719999717826909     
  -3.7618039693246357       -2.9934601126324196     
  -3.5157287279619602       -2.7203950449387548     
  -3.2724631013720682       -2.4528415609111676     
  -3.0320804005806172       -2.1908353621661263     
  -2.7946530678477597       -1.9344110770461498     
  -2.5602526564819543       -1.6836022816680156     
  -2.3289498054176074       -1.4384415192601523     
  -2.1008142209719445       -1.1989603138692360     
  -1.8759146554934878      -0.96518919266435432     
  -1.6543188850716537      -0.73715770107332901     
  -1.4360936902975023      -0.51489441740403663     
  -1.2213048376497824      -0.29842697062372281     
  -1.0100170558132173       -8.7782054968670309E-002
 -0.80229401928674982        0.0000000000000000     
 -0.59819832887680380        0.0000000000000000     
 -0.39779149085117282        0.0000000000000000     
 -0.20113390092482497        0.0000000000000000     
  -8.2848252009259937E-003   0.0000000000000000     
  0.18069761929451586        0.0000000000000000     
  0.36575648008484052        0.0000000000000000     
  0.54683598647138076        0.0000000000000000     
  0.72388156846349005        0.0000000000000000     
  0.89683987062309178        0.0000000000000000     
   1.0656587689041301        0.0000000000000000     
   1.2302873881485070        0.0000000000000000     
   1.3906761152420568        0.0000000000000000     
   1.5467766142101189        0.0000000000000000     
   1.6985418425962071        0.0000000000000000     
   1.8459260638470685        0.0000000000000000     
   1.9888848608898293        0.0000000000000000     
   2.1273751518990061        0.0000000000000000     
   2.2613552009076034        0.0000000000000000     
   2.3907846305059510        0.0000000000000000     
   2.5156244360602718        0.0000000000000000     
   2.6358369951609486        0.0000000000000000     
   2.7513860794756297        0.0000000000000000     
   2.8622368674313092        0.0000000000000000     
   2.9683559526079897        0.0000000000000000     
   3.0697113538346379        0.0000000000000000     
   3.1662725270099399        0.0000000000000000     
   3.2580103719293234        0.0000000000000000     
   3.3448972414496332        0.0000000000000000     
   3.4269069517847179        0.0000000000000000     
   3.5040147881727037        0.0000000000000000     
   3.5761975124211616        0.0000000000000000     
   3.6434333718123435        0.0000000000000000     
   3.7057021040140867       -1.2865666302376968E-008
   3.7629849426775897       -1.0108573243914867E-007
   3.8152646256244522       -3.1385895623698857E-008
   3.8625253976482554       -3.1385038787544002E-008
   3.9047530153165253       -3.1383023487479777E-008
   3.9419347534169269       -9.2985816990380089E-009
   3.9740594067928185       -9.2499184420543509E-009
   4.0011172934194388       -9.2491897196421099E-009
   4.0231002598406986       -4.0128922276239319E-005
   4.0400016812093220       -4.0126823246289988E-005
   4.0518164631732034       -5.1873593680443899E-005
   4.0585410460334455       -5.1873178701792292E-005
   4.0601734032438905       -5.5089583630589475E-005
   4.0567130420527899       -5.5089582914350511E-005
   4.0481610061062936       -5.5089486408836278E-005
   4.0345198726517246       -5.6317657350293579E-005
   4.0157937518629758       -5.6317634585859951E-005
   3.9919882879151407       -5.6945997878121691E-005
   3.9631106549144341       -5.6945966808588873E-005
   3.9291695547233387       -5.7173404498248877E-005
   3.8901752167311647       -5.7173356758999150E-005
   3.8461393924828080       -5.7282337229393768E-005
   3.7970753519864373       -5.7327250730218070E-005
   3.7429978821571184       -5.7327202630522443E-005
   3.6839232799892443       -5.7353081721278044E-005
   3.6198693476350972       -5.7353042405608990E-005
   3.5508553893574004       -5.7367901156908218E-005
   3.4769022035797441       -5.7367875783798199E-005
   3.3980320763406460       -5.7367804777721211E-005
   3.3142687769989805       -5.7378487426723521E-005
   3.2256375487849489       -5.7378437992221320E-005
   3.1321651011730078       -5.7386346172569142E-005
   3.0338796040494467       -5.7386330596197989E-005
   2.9308106772706406       -5.7386286715900170E-005
   2.8229893813344367       -5.7392531015492004E-005
   2.7104482103939560       -5.7392520015600956E-005
   2.5932210802895188       -5.7392490445123162E-005
   2.4713433182292119       -5.7392453318407038E-005
   2.3448516545097480       -5.7397372818698100E-005
   2.2137842093615632       -5.7397363378539349E-005
   2.0781804809129767       -5.7397339884821425E-005
   1.9380813359607676       -5.7397301639727667E-005
   1.7935289953223474       -5.7397209854005077E-005
   1.6445670210613641       -5.7401566331678922E-005
   1.4912403056399544       -5.7401534685305466E-005
   1.3335950564477645       -5.7401506973322462E-005
   1.1716787812161882       -5.7401486223249795E-005
   1.0055402763510048       -5.7401474261219518E-005
  0.83522960999132145       -5.7401470238559762E-005
  0.66079810666520389      -0.12560816056731028     
  0.48229833497705188      -0.44655874810865726     
  0.29978408801591883      -0.77307704000031663     
  0.11331036835024832       -1.1051178438769966     
  -7.7066626937099272E-002  -1.4426346749366417     
 -0.27128952510226867       -1.7855797291801423     
 -0.46929979531952348       -2.1339038555636307     
 -0.67103776316992136       -2.4875565291013118     
 -0.87644263245200982       -2.8464858202003143     
  -1.0854525021332559       -3.2106383640805802     
  -1.2980043836057789       -3.5799593332099562     
  -1.5140342214166971       -7.3333054843361083     
  -1.7334769128914160       -7.7140363213915748     
  -1.9562663246413270       -7.9227544657667295     
  -2.1823353163570882       -8.1352999625595999     
  -2.4116157595224901       -8.3516333781769845     
  -2.6440385567738689       -8.5717142742672081     
  -2.8795336646800500       -8.7955011960939942     
  -3.1180301132103758       -9.0229516620845516     
  -3.3594560280559058       -9.2540221528693110     
  -3.6037386521739609       -9.4886680985824228     
  -3.8508043680482853       -9.7268438691147594     
  -4.1005787185449556       -9.9685027628330545     
  -4.3529864311299278       -10.213596992589828     
  -4.6079514387960563       -10.462077676199840     
  -4.8653969043053120       -10.713894824550323     
  -5.1252452429015927       -10.968997329402271     
  -5.3874181460506065       -11.227332949687252     
  -5.6518366042280368       -11.488848306966702     
  -5.9184209308283959       -11.753488863302380     
  -6.1870907872917495       -12.021198916032120     
  -6.4577652060366386       -12.291921584744841     
  -6.7303626155787093       -12.565598799933241     
  -7.0048008651962572       -12.842171286756013     
  -7.2809972491229740       -13.121578549268861     
  -7.5588685312921893       -13.403758912074920     
  -7.8383309715844547       -13.688649392646482     
  -8.1193003500090732       -13.976185853614254     
