   0.00000000
   0.00000000
   0.00000000
   0.00000000
   0.00000000
   0.00000000
   0.00000000
   0.00000000
   0.00000000
   0.00000000
   0.00000000
   0.00000000
   0.00000000
   0.00000000
   0.00000000
   0.00000000
   0.30091097
   3.21578751
   3.10903952
   2.99654301
   2.86010446
   2.79525717
   2.79244186
   2.76632300
   2.61043499
   2.58615659
   2.73963980
   2.89348986
   2.95820949
   2.94781008
   2.92166604
   2.89387919
   2.86115307
   2.81129857
   2.71373998
   2.75927834
   2.79718628
   2.80823164
   2.74365662
   2.60128666
   2.71513424
   2.77325109
   2.70178483
   2.55541650
   2.71108586
   2.74506621
   2.60475392
   2.59139110
   2.74030611
   2.67277484
   2.51503924
   2.70296292
   2.69932724
   2.49912618
   2.66457764
   2.71398057
   2.51531059
   2.62356369
   2.71914633
   2.55806854
   2.56913366
   2.71974308
   2.58853510
   2.53326818
   2.71512932
   2.60463648
   2.50937023
   2.70949280
   2.61084300
   2.49596010
   2.70510353
   2.60910570
   2.49077889
   2.70207454
   2.60038460
   2.48989420
   2.69946117
   2.58095629
   2.49698654
   2.69812262
   2.54983077
   2.52192627
   2.69523406
   2.50719438
   2.55918870
   2.68605004
   2.45340845
   2.61606724
   2.66896712
   2.43617950
   2.64642965
   2.64048343
   2.43401342
   2.67009079
   2.60084385
   2.45104799
   2.68187075
   2.53895993
   2.49780187
   2.67712948
   2.43997579
   2.59637969
   2.64636027
   2.40922990
   2.64908858
   2.58159273
   2.43405317
   2.66879483
   2.46600191
   2.54243681
   2.64572059
   2.39612542
   2.63652300
   2.56682500
   2.42371807
   2.65647405
   2.40616873
   2.58143414
   2.60092536
   2.38009872
   2.64331815
   2.43565907
   2.52177644
   2.60185854
   2.36050884
   2.63210014
   2.40959413
   2.52881019
   2.57807048
   2.35531182
   2.62545243
   2.35457695
   2.57065433
   2.51796099
   2.38114827
   2.60185392
   2.31762101
   2.60016505
   2.35844865
   2.52279058
   2.50722510
   2.35259063
   2.57518240
   2.29041903
   2.58541607
   2.28911333
   2.55400555
   2.34982917
   2.46957560
   2.44945854
   2.35094070
   2.50363956
   2.28263881
   2.53126395
   2.24487271
   2.53890969
   2.22342371
   2.53523972
   2.20989852
   2.52661977
   2.19901627
   2.51660716
   2.18769004
   2.50737414
   2.17497873
   2.49867365
   2.16210472
   2.48859608
   2.15260302
   2.47244992
   2.15211553
   2.45729747
   2.22823365
   2.48059594
   2.30807561
   2.43232610
   2.36098995
   2.26620898
   2.47009267
   2.17727397
   2.49946712
   2.17612647
   2.43089609
   2.24509499
   2.23601878
   2.39938155
   2.12085893
   2.44514762
   2.16049694
   2.26727105
   2.30464754
   2.07854579
   2.40882103
   2.13475743
   2.16436161
   2.33474806
   2.04727708
   2.31015107
   2.17417172
   2.03081757
   2.37306333
   2.10455867
   2.04648840
   2.37491869
   2.06095344
   2.09279385
   2.30161797
   2.03085666
   2.04237730
   2.28381112
   2.00507871
   1.93579860
   2.27087401
   2.00257840
   1.88792917
   2.12707601
   2.05126646
   1.87312154
   1.82425292
   2.16251921
   1.91362975
   1.78878694
   1.76474030
   2.11728462
   1.83761861
   1.72074404
   1.68433687
   2.00476696
   1.81521546
   1.66622254
   1.60751470
   1.65126107
   1.93913858
   1.67286276
   1.55453196
   1.50688376
   1.49715851
   1.85499511
   1.61981744
   1.47289016
   1.40358068
   1.38060832
   1.37930944
   1.75465583
   1.50477194
   1.34561232
   1.26105228
   1.22614299
   1.22483684
   1.23628522
   1.55053292
   1.34237714
   1.18791374
   1.11089703
   1.09121861
   1.10105335
   1.11926771
   1.13030832
   1.53221977
   1.19053467
   1.05982511
   1.00399313
   0.98103374
   0.98346531
   0.99591253
   1.00583510
   1.00745320
   1.41099701
   1.08548473
   0.89200407
   0.92378435
   0.88736462
   0.85805459
   0.84693865
   0.84630118
   0.85030954
   0.85282561
   0.85150909
   0.96505491
   1.29188331
   0.85428096
   0.73595217
   0.70206628
   0.75653765
   0.72359184
   0.68628690
   0.66477555
   0.65214372
   0.64513579
   0.64107638
   0.63800468
   0.63460498
   0.63007890
   0.62399534
   0.61618194
   0.98900992
   1.06927642
   0.70953382
   0.60403393
   0.54880554
   0.51020839
   0.48056449
   0.46643638
   1.48109346
   1.97258633
   1.68934797
   2.30174844
   2.79305091
   2.15036794
   1.79028974
   1.54965802
   1.36796512
   1.94547745
   2.21223983
   0.78808513
   0.66390491
   0.62248532
   0.57509129
   0.55353825
   0.50611068
   0.25391177
   0.50262264
   0.37240291
   0.02677477
   0.49590004
   0.03316895
   0.00000000
   0.00243311
   0.00670695
   0.04594912
   0.05527875
   0.06930416
   0.07002267
   0.09406823
   0.07739865
   0.10259634
   0.06907412
   0.08800018
   0.05992866
   0.06751833
   0.06748690
   0.03832967
   0.07867879
   0.01399045
   0.04853413
   0.05017307
   0.00111911
   0.02861864
   0.00870423
   0.00000000
   0.00000000
   0.00000000
   0.00000000
   0.00000000
   0.00000000
   0.00284390
   0.10404123
   0.06402047
   0.00932846
   0.00000000
   0.00000000
   0.00000000
   0.00000000
   0.00000000
   0.00000000
   0.00000000
   0.00000000
   0.00000000
   0.00000000
   0.00000000
   0.00000000
   0.00000000
   0.00000000
   0.00000000
   0.00000000
   0.03035674
   0.11965666
   0.15421896
   0.26085371
   0.43002496
   0.20994630
   0.22442750
   0.23031431
   0.23072121
   0.24823203
   0.24987653
   0.23959119
   0.23303980
   0.22254932
   0.19893822
   0.43162225
   0.13739887
   0.10482478
   0.08047482
   0.06218658
   0.03345722
   0.01111953
   0.00004600
   0.00000000
