   0.00000000
   0.00000000
   0.76661245
   2.76060583
   0.07789753
   0.00000000
   0.36909707
   3.53323426
   3.09871847
   2.56132933
   1.36728839
   0.55744781
   0.12471961
   0.76647563
   2.20086896
   2.85201505
   2.83561575
   2.79825046
   2.02360972
   1.71670817
   0.89772203
   0.83743629
   1.09939004
   2.17107537
   2.59248580
   2.10242623
   1.96722778
   1.26534214
   1.07622873
   1.37960051
   2.06997900
   2.50562002
   2.47498916
   2.46509283
   2.66383105
   2.42714815
   2.56486693
   2.75052870
   2.33707157
   2.18598999
   2.22548972
   2.78669497
   2.71789554
   2.81919881
   3.01443956
   3.09362537
   3.14361467
   3.02168858
   3.00277656
   2.80366472
   2.67664927
   2.44818655
   2.36069186
   2.20058985
   2.58851340
   2.50737501
   2.46063610
   2.73863921
   2.76895388
   2.64784028
   2.60144862
   2.80849671
   2.85595154
   2.92020230
   2.96601208
   2.92931007
   2.82453845
   2.78938353
   2.82822723
   2.85622907
   2.85862097
   2.90067626
   2.91564243
   2.88276894
   2.83896408
   2.57701610
   2.58094990
   2.52763384
   2.35852226
   2.02021946
   2.22754955
   1.97666584
   1.68590053
   1.66828713
   1.85429234
   2.07681216
   1.90141339
   2.08441477
   2.43919210
   2.57541369
   2.49157923
   2.67589518
   2.67747198
   2.46948679
   2.63577085
   2.58807344
   2.29308247
   2.46339977
   2.15996958
   2.35005356
   2.31367461
   2.41801895
   2.32273324
   2.49872151
   2.28647067
   2.55575353
   2.24600259
   2.53656282
   2.19677255
   2.49432570
   2.10746024
   2.38077581
   2.06598677
   2.02711307
   2.30861563
   1.96472459
   2.24851697
   2.12109856
   2.01332932
   2.34102565
   2.01277523
   2.33484836
   2.15661137
   2.21455932
   2.32637999
   2.13858910
   2.44326757
   2.14832546
   2.48648851
   2.17855535
   2.51638198
   2.20523352
   2.51559004
   2.19083965
   2.48054322
   2.13226992
   2.45103390
   2.09234609
   2.38485802
   2.11846311
   2.17135653
   2.27374110
   2.01749438
   2.37999550
   2.07592829
   2.31698787
   2.20215813
   2.17741620
   2.34588980
   2.08608609
   2.40409685
   2.04994335
   2.36732155
   2.10614002
   2.16675835
   2.26056811
   2.00675555
   2.35740853
   2.05987680
   2.20081424
   2.22091235
   2.01022036
   2.34634460
   2.00501019
   2.18914341
   2.16358921
   1.96987117
   2.32643748
   2.04597758
   2.11462731
   2.26746711
   1.99205242
   2.34177573
   2.03895324
   2.12421773
   2.23355956
   1.95297347
   2.20099690
   2.01846980
   1.81160765
   1.87561074
   2.10809876
   1.79454072
   1.76595231
   2.14102323
   1.88041878
   1.80874470
   2.17859420
   1.97520219
   1.88721147
   2.25799992
   1.99132586
   1.98157682
   2.30017651
   1.96965572
   2.22977554
   2.13857200
   2.00150400
   2.34659721
   2.00574996
   2.23884112
   2.13112018
   1.98118334
   2.32582964
   1.99911576
   2.13032730
   2.18588943
   1.93084208
   2.25967329
   2.01864060
   1.91999544
   2.26703077
   1.94627816
   1.93112161
   2.23655512
   1.90175823
   1.94826020
   2.19867167
   1.87665943
   1.96998318
   2.15220866
   1.85638925
   1.93774256
   2.14142900
   1.83698059
   1.85727383
   2.16027519
   1.83375699
   1.79615400
   2.14309824
   1.85972777
   1.75789060
   2.07217465
   1.92146496
   1.78615404
   1.95219787
   2.07405301
   1.81961650
   1.69239020
   1.63567097
   1.88787023
   1.66362967
   1.50672759
   1.47482226
   1.51651285
   1.88596899
   1.63565968
   1.49739896
   1.47682992
   1.63450536
   1.81544852
   1.54784833
   1.49262640
   1.50960443
   1.87720754
   1.70982360
   1.54395451
   1.46770172
   1.44435909
   1.67142074
   1.69691965
   1.48880531
   1.39465999
   1.33367317
   1.29254017
   1.39696318
   1.66600361
   1.33676913
   1.17376016
   1.11216611
   1.07860495
   0.54020722
   0.00000000
   1.79296477
   2.51641467
   2.16901423
   1.20093012
   0.63748932
   0.42447052
   0.16555781
   0.07939700
   0.07817917
   0.09747419
   0.12763371
   1.43162375
   1.75368540
   1.12853167
   0.14462179
   0.02722414
   0.00387895
   0.98332970
   2.04881065
   0.92942535
   0.70400872
   0.03568079
   1.99870540
   1.85401689
   1.13473462
   1.66171652
   1.17028009
   0.85544710
   0.73897483
   0.45847609
   0.39012168
   0.21154587
   0.24680833
   0.22359179
   0.77793535
   0.03170471
   0.00816946
   0.00077404
   0.00000000
   0.00000000
   0.00000000
   0.16455409
   0.46658387
   0.41940268
   0.38826714
   0.30769714
   0.27146575
   0.37257633
   0.37946973
   0.68516360
   0.96570628
   0.69782016
   0.58953919
   0.00000000
   0.27503712
   0.94883770
   0.86201907
   1.20406598
   1.26500062
   1.44714986
   1.21472439
   0.82091546
   0.59357684
   0.52927315
   0.59349048
   0.47862640
   0.20227695
   0.09290027
   0.01256073
   0.44795397
   0.72554535
   0.08166927
   0.00000000
   0.03399529
   0.28351665
   0.45060204
   0.49008437
   0.17944578
   0.00601454
   0.10121210
   0.63819948
   0.06212684
   0.36240740
   0.27550469
   0.17442041
   0.00000000
   0.00000000
   0.00000000
   0.00000000
   0.00000000
   0.00000000
   0.00000000
   0.00000000
   0.00000000
   0.00000000
   0.00000000
   0.00000000
   0.00000000
   0.00000000
   0.00000000
   0.00000000
   0.00000000
   0.00000000
   0.00000000
   0.00000000
   0.00000000
   0.00000000
   0.00000000
   0.00000000
   0.00000000
   0.00000000
   0.00000000
   0.00000000
   0.00000000
   0.00000000
   0.00000000
   0.00000000
   0.00000000
   0.00000000
   0.00000000
   0.00000000
   0.00000000
   0.00000000
   0.03318856
   1.50572824
   2.29362910
